0.573380
0.570902
0.568379
0.565811
0.563198
0.560538
0.557831
0.555076
0.552273
0.549420
0.546517
0.543563
0.540557
0.537499
0.534388
0.531222
0.528002
0.524727
0.521396
0.518007
0.514562
0.511058
0.507495
0.503874
0.500192
0.496451
0.492649
0.488786
0.484863
0.480878
0.476832
0.472725
0.468558
0.464331
0.460045
0.455699
0.451297
0.446838
0.442324
0.437757
0.433139
0.428473
0.423760
0.419004
0.414208
0.409375
0.404510
0.399616
0.394698
0.389760
0.384808
0.379846
0.374881
0.369918
0.364962
0.360020
0.355098
0.350201
0.345336
0.340508
0.335725
0.330990
0.326311
0.321692
0.317138
0.312654
0.308244
0.303913
0.299663
0.295499
0.291423
0.287437
0.283544
0.279744
0.276039
0.272430
0.268917
0.265500
0.262179
0.258954
0.255823
0.252786
0.249840
0.246985
0.244220
0.241541
0.238947
0.236437
0.234007
0.231657
0.229383
0.227183
0.225055
0.222997
0.221007
0.219081
0.217219
0.215417
0.213674
0.211987
0.210355
0.208775
0.207245
0.205764
0.204329
0.202940
0.201593
0.200287
0.199021
0.197794
0.196603
0.195447
0.194325
0.193235
0.192177
0.191148
0.190149
0.189176
0.188231
0.187310
0.186414
0.185542
0.184692
0.183864
0.183056
0.182269
0.181500
0.180750
0.180018
0.179303
0.178604
0.177921
0.177253
0.176600
0.175961
0.175335
0.174722
0.174122
0.173534
0.172957
0.172392
0.171837
0.171292
0.170758
0.170233
0.169718
0.169211
0.168713
0.168223
0.167742
0.167268
0.166801
0.166342
0.165889
0.165444
0.165004
0.164571
0.164144
0.163723
0.163308
0.162898
0.162493
0.162093
0.161699
0.161309
0.160923
0.160542
0.160166
0.159793
0.159425
0.159060
0.158700
0.158343
0.157989
0.157639
0.157292
0.156949
0.156608
0.156271
0.155936
0.155605
0.155276
0.154950
0.154626
0.154305
0.153986
0.153670
0.153356
0.153044
0.152735
0.152427
0.152122
0.151818
0.151517
0.151217
0.150920
0.150624
0.150329
0.150037
0.149746
0.149457
0.149169
0.148882
0.148598
0.148314
0.148032
0.147752
0.147472
0.147194
0.146917
0.146642
0.146368
0.146094
0.145822
0.145551
0.145281
0.145013
0.144745
0.144478
0.144212
0.143947
0.143684
0.143421
0.143158
0.142897
0.142637
0.142377
0.142119
0.141861
0.141604
0.141348
0.141092
0.140837
0.140583
0.140330
0.140077
0.139825
0.139574
0.139323
0.139073
0.138824
0.138575
0.138327
0.138080
0.137833
0.137587
0.137341
0.137096
0.136851
0.136607
0.136364
0.136121
0.135879
0.135637
0.135396
0.135155
0.134915
0.134675
0.134435
0.134197
0.133958
0.133720
0.133483
0.133246
0.133010
0.132774
0.132538
0.132303
0.132069
0.131834
0.131601
0.131367
0.131134
0.130902
0.130670
0.130438
0.130207
0.129976
0.129746
0.129516
0.129287
0.129058
0.128829
0.128601
0.128373
0.128145
0.127918
0.127691
0.127465
0.127239
0.127014
0.126789
0.126564
0.126339
0.126116
0.125892
0.125669
0.125446
0.125224
0.125002
0.124780
0.124559
0.124338
0.124117
0.123897
0.123677
0.123458
0.123239
0.123021
0.122802
0.122584
0.122367
0.122150
0.121933
0.121717
0.121501
0.121285
0.121070
0.120855
0.120641
0.120427
0.120213
0.120000
0.119787
0.119575
0.119362
0.119151
0.118939
0.118728
0.118518
0.118307
0.118097
0.117888
0.117679
0.117470
0.117262
0.117054
0.116846
0.116639
0.116432
0.116226
0.116020
0.115814
0.115609
0.115404
0.115199
0.114995
0.114791
0.114588
0.114385
0.114182
0.113980
0.113778
0.113577
0.113376
0.113175
0.112975
0.112775
0.112576
0.112377
0.112178
0.111980
0.111782
0.111584
0.111387
0.111190
0.110994
0.110798
0.110602
0.110407
0.110212
0.110018
0.109824
0.109630
0.109437
0.109244
0.109052
0.108860
0.108668
0.108477
0.108286
0.108096
0.107906
0.107716
0.107527
0.107338
0.107149
0.106961
0.106774
0.106586
0.106399
0.106213
0.106027
0.105841
0.105656
0.105471
0.105286
0.105102
0.104919
0.104735
0.104552
0.104370
0.104188
0.104006
0.103825
0.103644
0.103463
0.103283
0.103103
0.102924
0.102745
0.102567
0.102388
0.102211
0.102033
0.101856
0.101680
0.101503
0.101328
0.101152
0.100977
0.100803
0.100629
0.100455
0.100281
0.100108
0.099936
0.099763
0.099592
0.099420
0.099249
0.099078
0.098908
0.098738
0.098569
0.098400
0.098231
0.098063
0.097895
0.097727
0.097560
0.097393
0.097227
0.097061
0.096895
0.096730
0.096565
0.096401
0.096237
0.096073
0.095910
0.095747
0.095584
0.095422
0.095260
0.095099
0.094938
0.094777
0.094617
0.094457
0.094298
0.094139
0.093980
0.093821
0.093663
0.093506
0.093349
0.093192
0.093035
0.092879
0.092724
0.092568
0.092413
0.092259
0.092104
0.091950
0.091797
0.091644
0.091491
0.091339
0.091187
0.091035
0.090884
0.090733
0.090582
0.090432
0.090282
0.090133
0.089983
0.089835
0.089686
0.089538
0.089391
0.089243
0.089096
0.088950
0.088803
0.088658
0.088512
0.088367
0.088222
0.088077
0.087933
0.087789
0.087646
0.087503
0.087360
0.087218
0.087076
0.086934
0.086793
0.086652
0.086511
0.086371
0.086231
0.086091
0.085952
0.085813
0.085674
0.085536
0.085398
0.085260
0.085123
0.084986
0.084849
0.084713
0.084577
0.084442
0.084306
0.084171
0.084037
0.083902
0.083769
0.083635
0.083502
0.083369
0.083236
0.083104
0.082972
0.082840
0.082708
0.082577
0.082447
0.082316
0.082186
0.082056
0.081927
0.081798
0.081669
0.081540
0.081412
0.081284
0.081157
0.081029
0.080902
0.080776
0.080649
0.080523
0.080398
0.080272
0.080147
0.080022
0.079898
0.079774
0.079650
0.079526
0.079403
0.079280
0.079157
0.079035
0.078912
0.078791
0.078669
0.078548
0.078427
0.078306
0.078186
0.078066
0.077946
0.077827
0.077707
0.077589
0.077470
0.077352
0.077234
0.077116
0.076998
0.076881
0.076764
0.076648
0.076531
0.076415
0.076299
0.076184
0.076069
0.075954
0.075839
0.075724
0.075610
0.075496
0.075383
0.075270
0.075156
0.075044
0.074931
0.074819
0.074707
0.074595
0.074484
0.074373
0.074262
0.074151
0.074041
0.073931
0.073821
0.073711
0.073602
0.073493
0.073384
0.073275
0.073167
0.073059
0.072951
0.072844
0.072737
0.072630
0.072523
0.072416
0.072310
0.072204
0.072098
0.071993
0.071887
0.071782
0.071678
0.071573
0.071469
0.071365
0.071261
0.071157
0.071054
0.070951
0.070848
0.070746
0.070643
0.070541
0.070439
0.070338
0.070236
0.070135
0.070034
0.069934
0.069833
0.069733
0.069633
0.069533
0.069434
0.069334
0.069235
0.069137
0.069038
0.068940
0.068842
0.068744
0.068646
0.068548
0.068451
0.068354
0.068257
0.068161
0.068065
0.067968
0.067872
0.067777
0.067681
0.067586
0.067491
0.067396
0.067302
0.067207
0.067113
0.067019
0.066926
0.066832
0.066739
0.066646
0.066553
0.066460
0.066368
0.066275
0.066183
0.066092
0.066000
0.065909
0.065817
0.065726
0.065636
0.065545
0.065455
0.065364
0.065274
0.065185
0.065095
0.065006
0.064917
0.064828
0.064739
0.064650
0.064562
0.064474
0.064386
0.064298
0.064210
0.064123
0.064036
0.063949
0.063862
0.063775
0.063689
0.063603
0.063517
0.063431
0.063345
0.063260
0.063175
0.063089
0.063005
0.062920
0.062835
0.062751
0.062667
0.062583
0.062499
0.062416
0.062332
0.062249
0.062166
0.062083
0.062000
0.061918
0.061836
0.061753
0.061671
0.061590
0.061508
0.061427
0.061345
0.061264
0.061183
0.061103
0.061022
0.060942
0.060862
0.060782
0.060702
0.060622
0.060543
0.060463
0.060384
0.060305
0.060226
0.060148
0.060069
0.059991
0.059913
0.059835
0.059757
0.059679
0.059602
0.059525
0.059448
0.059371
0.059294
0.059217
0.059141
0.059064
0.058988
0.058912
0.058836
0.058761
0.058685
0.058610
0.058535
0.058460
0.058385
0.058310
0.058236
0.058161
0.058087
0.058013
0.057939
0.057865
0.057792
0.057718
0.057645
0.057572
0.057499
0.057426
0.057353
0.057281
0.057208
0.057136
0.057064
0.056992
0.056920
0.056849
0.056777
0.056706
0.056635
0.056564
0.056493
0.056422
0.056352
0.056281
0.056211
0.056141
0.056071
0.056001
0.055931
0.055862
0.055792
0.055723
0.055654
0.055585
0.055516
0.055447
0.055379
0.055310
0.055242
0.055174
0.055106
0.055038
0.054970
0.054902
0.054835
0.054768
0.054701
0.054633
0.054567
0.054500
0.054433
0.054367
0.054300
0.054234
0.054168
0.054102
0.054036
0.053971
0.053905
0.053840
0.053774
0.053709
0.053644
0.053579
0.053514
0.053450
0.053385
0.053321
0.053257
0.053192
0.053128
0.053065
0.053001
0.052937
0.052874
0.052810
0.052747
0.052684
0.052621
0.052558
0.052496
0.052433
0.052370
0.052308
0.052246
0.052184
0.052122
0.052060
0.051998
0.051937
0.051875
0.051814
0.051752
0.051691
0.051630
0.051569
0.051509
0.051448
0.051387
0.051327
0.051267
0.051207
0.051146
0.051087
0.051027
0.050967
0.050907
0.050848
0.050789
0.050729
0.050670
0.050611
0.050552
0.050494
0.050435
0.050376
0.050318
0.050260
0.050201
0.050143
0.050085
0.050027
0.049970
0.049912
0.049854
0.049797
0.049740
0.049682
0.049625
0.049568
0.049511
0.049455
0.049398
0.049341
0.049285
0.049229
0.049172
0.049116
0.049060
0.049004
0.048949
0.048893
0.048837
0.048782
0.048726
0.048671
0.048616
0.048561
0.048506
0.048451
0.048396
0.048342
0.048287
0.048233
0.048178
0.048124
0.048070
0.048016
0.047962
0.047908
0.047854
0.047801
0.047747
0.047694
0.047641
0.047587
0.047534
0.047481
0.047428
0.047375
0.047323
0.047270
0.047218
0.047165
0.047113
0.047061
0.047008
0.046956
0.046904
0.046853
0.046801
0.046749
0.046698
0.046646
0.046595
0.046544
0.046492
0.046441
0.046390
0.046339
0.046289
0.046238
0.046187
0.046137
0.046086
0.046036
0.045986
0.045936
0.045885
0.045835
0.045786
0.045736
0.045686
0.045636
0.045587
0.045538
0.045488
0.045439
0.045390
0.045341
0.045292
0.045243
0.045194
0.045145
0.045097
0.045048
0.045000
0.044951
0.044903
0.044855
0.044807
0.044759
0.044711
0.044663
0.044615
0.044568
0.044520
0.044473
0.044425
0.044378
0.044331
0.044283
0.044236
0.044189
0.044142
0.044096
0.044049
0.044002
0.043956
0.043909
0.043863
0.043816
0.043770
0.043724
0.043678
0.043632
0.043586
0.043540
0.043495
0.043449
0.043403
0.043358
0.043312
0.043267
0.043222
0.043177
0.043131
0.043086
0.043041
0.042997
0.042952
0.042907
0.042862
0.042818
0.042773
0.042729
0.042685
0.042641
0.042596
0.042552
0.042508
0.042464
0.042420
0.042377
0.042333
0.042289
0.042246
0.042202
0.042159
0.042116
0.042072
0.042029
0.041986
0.041943
0.041900
0.041857
0.041814
0.041772
0.041729
0.041686
0.041644
0.041602
0.041559
0.041517
0.041475
0.041433
0.041390
0.041348
0.041307
0.041265
0.041223
0.041181
0.041140
0.041098
0.041057
0.041015
0.040974
0.040932
0.040891
0.040850
0.040809
0.040768
0.040727
0.040686
0.040645
0.040605
0.040564
0.040523
0.040483
0.040443
0.040402
0.040362
0.040322
0.040281
0.040241
0.040201
0.040161
0.040121
0.040082
0.040042
0.040002
0.039962
0.039923
0.039883
0.039844
0.039805
0.039765
0.039726
0.039687
0.039648
0.039609
0.039570
0.039531
0.039492
0.039453
0.039414
0.039376
0.039337
0.039299
0.039260
0.039222
0.039183
0.039145
0.039107
0.039069
0.039031
0.038993
0.038955
0.038917
0.038879
0.038841
0.038804
0.038766
0.038728
0.038691
0.038653
0.038616
0.038579
0.038541
0.038504
0.038467
0.038430
0.038393
0.038356
0.038319
0.038282
0.038245
0.038209
0.038172
0.038135
0.038099
0.038062
0.038026
0.037990
0.037953
0.037917
0.037881
0.037845
0.037809
0.037773
0.037737
0.037701
0.037665
0.037629
0.037593
0.037558
0.037522
0.037487
0.037451
0.037416
0.037380
0.037345
0.037310
0.037274
0.037239
0.037204
0.037169
0.037134
0.037099
0.037064
0.037030
0.036995
0.036960
0.036925
0.036891
0.036856
0.036822
0.036787
0.036753
0.036719
0.036684
0.036650
0.036616
0.036582
0.036548
0.036514
0.036480
0.036446
0.036412
0.036379
0.036345
0.036311
0.036278
0.036244
0.036210
0.036177
0.036144
0.036110
0.036077
0.036044
0.036011
0.035977
0.035944
0.035911
0.035878
0.035845
0.035812
0.035780
0.035747
0.035714
0.035681
0.035649
0.035616
0.035584
0.035551
0.035519
0.035486
0.035454
0.035422
0.035390
0.035357
0.035325
0.035293
0.035261
0.035229
0.035197
0.035165
0.035134
0.035102
0.035070
0.035038
0.035007
0.034975
0.034944
0.034912
0.034881
0.034849
0.034818
0.034787
0.034756
0.034724
0.034693
0.034662
0.034631
0.034600
0.034569
0.034538
0.034507
0.034477
0.034446
0.034415
0.034384
0.034354
0.034323
0.034293
0.034262
0.034232
0.034201
0.034171
0.034141
0.034111
0.034080
0.034050
0.034020
0.033990
0.033960
0.033930
0.033900
0.033870
0.033840
0.033811
0.033781
0.033751
0.033721
0.033692
0.033662
0.033633
0.033603
0.033574
0.033544
0.033515
0.033486
0.033456
0.033427
0.033398
0.033369
0.033340
0.033311
0.033282
0.033253
0.033224
0.033195
0.033166
0.033137
0.033109
0.033080
0.033051
0.033023
0.032994
0.032966
0.032937
0.032909
0.032880
0.032852
0.032824
0.032795
0.032767
0.032739
0.032711
0.032683
0.032655
0.032627
0.032599
0.032571
0.032543
0.032515
0.032487
0.032459
0.032432
0.032404
0.032376
0.032349
0.032321
0.032294
0.032266
0.032239
0.032211
0.032184
0.032156
0.032129
0.032102
0.032075
0.032048
0.032020
0.031993
0.031966
0.031939
0.031912
0.031885
0.031858
0.031832
0.031805
0.031778
0.031751
0.031725
0.031698
0.031671
0.031645
0.031618
0.031592
0.031565
0.031539
0.031512
0.031486
0.031460
0.031433
0.031407
0.031381
0.031355
0.031329
0.031303
0.031277
0.031250
0.031225
0.031199
0.031173
0.031147
0.031121
0.031095
0.031069
0.031044
0.031018
0.030992
0.030967
0.030941
0.030916
0.030890
0.030865
0.030839
0.030814
0.030789
0.030763
0.030738
0.030713
0.030687
0.030662
0.030637
0.030612
0.030587
0.030562
0.030537
0.030512
0.030487
0.030462
0.030437
0.030412
0.030388
0.030363
0.030338
0.030314
0.030289
0.030264
0.030240
0.030215
0.030191
0.030166
0.030142
0.030117
0.030093
0.030069
0.030044
0.030020
0.029996
0.029972
0.029947
0.029923
0.029899
0.029875
0.029851
0.029827
0.029803
0.029779
0.029755
0.029731
0.029708
0.029684
0.029660
0.029636
0.029613
0.029589
0.029565
0.029542
0.029518
0.029495
0.029471
0.029448
0.029424
0.029401
0.029377
0.029354
0.029331
0.029308
0.029284
0.029261
0.029238
0.029215
0.029192
0.029169
0.029145
0.029122
0.029099
0.029076
0.029054
0.029031
0.029008
0.028985
0.028962
0.028939
0.028917
0.028894
0.028871
0.028849
0.028826
0.028803
0.028781
0.028758
0.028736
0.028713
0.028691
0.028669
0.028646
0.028624
0.028601
0.028579
0.028557
0.028535
0.028513
0.028490
0.028468
0.028446
0.028424
0.028402
0.028380
0.028358
0.028336
0.028314
0.028292
0.028270
0.028249
0.028227
0.028205
0.028183
0.028162
0.028140
0.028118
0.028097
0.028075
0.028053
0.028032
0.028010
0.027989
0.027967
0.027946
0.027925
0.027903
0.027882
0.027861
0.027839
0.027818
0.027797
0.027776
0.027754
0.027733
0.027712
0.027691
0.027670
0.027649
0.027628
0.027607
0.027586
0.027565
0.027544
0.027523
0.027502
0.027482
0.027461
0.027440
0.027419
0.027399
0.027378
0.027357
0.027337
0.027316
0.027296
0.027275
0.027255
0.027234
0.027214
0.027193
0.027173
0.027152
0.027132
0.027112
0.027091
0.027071
0.027051
0.027031
0.027010
0.026990
0.026970
0.026950
0.026930
0.026910
0.026890
0.026870
0.026850
0.026830
0.026810
0.026790
0.026770
0.026750
0.026730
0.026711
0.026691
0.026671
0.026651
0.026632
0.026612
0.026592
0.026573
0.026553
0.026534
0.026514
0.026495
0.026475
0.026456
0.026436
0.026417
0.026397
0.026378
0.026359
0.026339
0.026320
0.026301
0.026281
0.026262
0.026243
0.026224
0.026205
0.026186
0.026166
0.026147
0.026128
0.026109
0.026090
0.026071
0.026052
0.026033
0.026014
0.025996
0.025977
0.025958
0.025939
0.025920
0.025902
0.025883
0.025864
0.025845
0.025827
0.025808
0.025789
0.025771
0.025752
0.025734
0.025715
0.025697
0.025678
0.025660
0.025641
0.025623
0.025605
0.025586
0.025568
0.025549
0.025531
0.025513
0.025495
0.025476
0.025458
0.025440
0.025422
0.025404
0.025386
0.025368
0.025349
0.025331
0.025313
0.025295
0.025277
0.025259
0.025242
0.025224
0.025206
0.025188
0.025170
0.025152
0.025134
0.025117
0.025099
0.025081
0.025063
0.025046
0.025028
0.025010
0.024993
0.024975
0.024958
0.024940
0.024923
0.024905
0.024887
0.024870
0.024853
0.024835
0.024818
0.024800
0.024783
0.024766
0.024748
0.024731
0.024714
0.024696
0.024679
0.024662
0.024645
0.024628
0.024610
0.024593
0.024576
0.024559
0.024542
0.024525
0.024508
0.024491
0.024474
0.024457
0.024440
0.024423
0.024406
0.024389
0.024373
0.024356
0.024339
0.024322
0.024305
0.024289
0.024272
0.024255
0.024238
0.024222
0.024205
0.024188
0.024172
0.024155
0.024139
0.024122
0.024105
0.024089
0.024072
0.024056
0.024040
0.024023
0.024007
0.023990
0.023974
0.023958
0.023941
0.023925
0.023909
0.023892
0.023876
0.023860
0.023844
0.023827
0.023811
0.023795
0.023779
0.023763
0.023747
0.023731
0.023714
0.023698
0.023682
0.023666
0.023650
0.023634
0.023618
0.023603
0.023587
0.023571
0.023555
0.023539
0.023523
0.023507
0.023492
0.023476
0.023460
0.023444
0.023428
0.023413
0.023397
0.023381
0.023366
0.023350
0.023334
0.023319
0.023303
0.023288
0.023272
0.023257
0.023241
0.023226
0.023210
0.023195
0.023179
0.023164
0.023149
0.023133
0.023118
0.023102
0.023087
0.023072
0.023057
0.023041
0.023026
0.023011
0.022996
0.022980
0.022965
0.022950
0.022935
0.022920
0.022905
0.022890
0.022874
0.022859
0.022844
0.022829
0.022814
0.022799
0.022784
0.022769
0.022754
0.022740
0.022725
0.022710
0.022695
0.022680
0.022665
0.022650
0.022636
0.022621
0.022606
0.022591
0.022577
0.022562
0.022547
0.022532
0.022518
0.022503
0.022488
0.022474
0.022459
0.022445
0.022430
0.022416
0.022401
0.022387
0.022372
0.022358
0.022343
0.022329
0.022314
0.022300
0.022285
0.022271
0.022257
0.022242
0.022228
0.022214
0.022199
0.022185
0.022171
0.022157
0.022142
0.022128
0.022114
0.022100
0.022086
0.022071
0.022057
0.022043
0.022029
0.022015
0.022001
0.021987
0.021973
0.021959
0.021945
0.021931
0.021917
0.021903
0.021889
0.021875
0.021861
0.021847
0.021833
0.021819
0.021806
0.021792
0.021778
0.021764
0.021750
0.021737
0.021723
0.021709
0.021695
0.021682
0.021668
0.021654
0.021641
0.021627
0.021613
0.021600
0.021586
0.021572
0.021559
0.021545
0.021532
0.021518
0.021505
0.021491
0.021478
0.021464
0.021451
0.021437
0.021424
0.021411
0.021397
0.021384
0.021370
0.021357
0.021344
0.021330
0.021317
0.021304
0.021291
0.021277
0.021264
0.021251
0.021238
0.021224
0.021211
0.021198
0.021185
0.021172
0.021159
0.021145
0.021132
0.021119
0.021106
0.021093
0.021080
0.021067
0.021054
0.021041
0.021028
0.021015
0.021002
0.020989
0.020976
0.020963
0.020950
0.020938
0.020925
0.020912
0.020899
0.020886
0.020873
0.020861
0.020848
0.020835
0.020822
0.020810
0.020797
0.020784
0.020771
0.020759
0.020746
0.020733
0.020721
0.020708
0.020695
0.020683
0.020670
0.020658
0.020645
0.020632
0.020620
0.020607
0.020595
0.020582
0.020570
0.020557
0.020545
0.020533
0.020520
0.020508
0.020495
0.020483
0.020471
0.020458
0.020446
0.020433
0.020421
0.020409
0.020397
0.020384
0.020372
0.020360
0.020347
0.020335
0.020323
0.020311
0.020299
0.020286
0.020274
0.020262
0.020250
0.020238
0.020226
0.020214
0.020202
0.020189
0.020177
0.020165
0.020153
0.020141
0.020129
0.020117
0.020105
0.020093
0.020081
0.020069
0.020057
0.020046
0.020034
0.020022
0.020010
0.019998
0.019986
0.019974
0.019962
0.019951
0.019939
0.019927
0.019915
0.019903
0.019892
0.019880
0.019868
0.019856
0.019845
0.019833
0.019821
0.019810
0.019798
0.019786
0.019775
0.019763
0.019751
0.019740
0.019728
0.019717
0.019705
0.019694
0.019682
0.019671
0.019659
0.019647
0.019636
0.019625
0.019613
0.019602
0.019590
0.019579
0.019567
0.019556
0.019544
0.019533
0.019522
0.019510
0.019499
0.019488
0.019476
0.019465
0.019454
0.019442
0.019431
0.019420
0.019409
0.019397
0.019386
0.019375
0.019364
0.019353
0.019341
0.019330
0.019319
0.019308
0.019297
0.019286
0.019274
0.019263
0.019252
0.019241
0.019230
0.019219
0.019208
0.019197
0.019186
0.019175
0.019164
0.019153
0.019142
0.019131
0.019120
0.019109
0.019098
0.019087
0.019076
0.019065
0.019055
0.019044
0.019033
0.019022
0.019011
0.019000
0.018989
0.018979
0.018968
0.018957
0.018946
0.018935
0.018925
0.018914
0.018903
0.018892
0.018882
0.018871
0.018860
0.018850
0.018839
0.018828
0.018818
0.018807
0.018796
0.018786
0.018775
0.018765
0.018754
0.018743
0.018733
0.018722
0.018712
0.018701
0.018691
0.018680
0.018670
0.018659
0.018649
0.018638
0.018628
0.018617
0.018607
0.018597
0.018586
0.018576
0.018565
0.018555
0.018545
0.018534
0.018524
0.018514
0.018503
0.018493
0.018483
0.018472
0.018462
0.018452
0.018441
0.018431
0.018421
0.018411
0.018400
0.018390
0.018380
0.018370
0.018360
0.018349
0.018339
0.018329
0.018319
0.018309
0.018299
0.018289
0.018278
0.018268
0.018258
0.018248
0.018238
0.018228
0.018218
0.018208
0.018198
0.018188
0.018178
0.018168
0.018158
0.018148
0.018138
0.018128
0.018118
0.018108
0.018098
0.018088
0.018078
0.018068
0.018059
0.018049
0.018039
0.018029
0.018019
0.018009
0.017999
0.017990
0.017980
0.017970
0.017960
0.017950
0.017941
0.017931
0.017921
0.017911
0.017902
0.017892
0.017882
0.017873
0.017863
0.017853
0.017843
0.017834
0.017824
0.017814
0.017805
0.017795
0.017786
0.017776
0.017766
0.017757
0.017747
0.017738
0.017728
0.017718
0.017709
0.017699
0.017690
0.017680
0.017671
0.017661
0.017652
0.017642
0.017633
0.017623
0.017614
0.017604
0.017595
0.017586
0.017576
0.017567
0.017557
0.017548
0.017539
0.017529
0.017520
0.017510
0.017501
0.017492
0.017482
0.017473
0.017464
0.017455
0.017445
0.017436
0.017427
0.017417
0.017408
0.017399
0.017390
0.017380
0.017371
0.017362
0.017353
0.017344
0.017334
0.017325
0.017316
0.017307
0.017298
0.017289
0.017279
0.017270
0.017261
0.017252
0.017243
0.017234
0.017225
0.017216
0.017207
0.017198
0.017189
0.017180
0.017171
0.017161
0.017152
0.017143
0.017134
0.017125
0.017117
0.017108
0.017099
0.017090
0.017081
0.017072
0.017063
0.017054
0.017045
0.017036
0.017027
0.017018
0.017009
0.017001
0.016992
0.016983
0.016974
0.016965
0.016956
0.016947
0.016939
0.016930
0.016921
0.016912
0.016903
0.016895
0.016886
0.016877
0.016868
0.016860
0.016851
0.016842
0.016834
0.016825
0.016816
0.016807
0.016799
0.016790
0.016781
0.016773
0.016764
0.016755
0.016747
0.016738
0.016730
0.016721
0.016712
0.016704
0.016695
0.016687
0.016678
0.016669
0.016661
0.016652
0.016644
0.016635
0.016627
0.016618
0.016610
0.016601
0.016593
0.016584
0.016576
0.016567
0.016559
0.016550
0.016542
0.016534
0.016525
0.016517
0.016508
0.016500
0.016492
0.016483
0.016475
0.016466
0.016458
0.016450
0.016441
0.016433
0.016425
0.016416
0.016408
0.016400
0.016391
0.016383
0.016375
0.016366
0.016358
0.016350
0.016342
0.016333
0.016325
0.016317
0.016309
0.016300
0.016292
0.016284
0.016276
0.016268
0.016259
0.016251
0.016243
0.016235
0.016227
0.016219
0.016211
0.016202
0.016194
0.016186
0.016178
0.016170
0.016162
0.016154
0.016146
0.016138
0.016130
0.016121
0.016113
0.016105
0.016097
0.016089
0.016081
0.016073
0.016065
0.016057
0.016049
0.016041
0.016033
0.016025
0.016017
0.016009
0.016001
0.015993
0.015986
0.015978
0.015970
0.015962
0.015954
0.015946
0.015938
0.015930
0.015922
0.015914
0.015907
0.015899
0.015891
0.015883
0.015875
0.015867
0.015860
0.015852
0.015844
0.015836
0.015828
0.015821
0.015813
0.015805
0.015797
0.015789
0.015782
0.015774
0.015766
0.015758
0.015751
0.015743
0.015735
0.015728
0.015720
0.015712
0.015704
0.015697
0.015689
0.015681
0.015674
0.015666
0.015659
0.015651
0.015643
0.015636
0.015628
0.015620
0.015613
0.015605
0.015598
0.015590
0.015582
0.015575
0.015567
0.015560
0.015552
0.015545
0.015537
0.015530
0.015522
0.015515
0.015507
0.015500
0.015492
0.015485
0.015477
0.015470
0.015462
0.015455
0.015447
0.015440
0.015432
0.015425
0.015417
0.015410
0.015403
0.015395
0.015388
0.015380
0.015373
0.015366
0.015358
0.015351
0.015343
0.015336
0.015329
0.015321
0.015314
0.015307
0.015299
0.015292
0.015285
0.015277
0.015270
0.015263
0.015256
0.015248
0.015241
0.015234
0.015226
0.015219
0.015212
0.015205
0.015197
0.015190
0.015183
0.015176
0.015169
0.015161
0.015154
0.015147
0.015140
0.015133
0.015125
0.015118
0.015111
0.015104
0.015097
0.015090
0.015082
0.015075
0.015068
0.015061
0.015054
0.015047
0.015040
0.015033
0.015025
0.015018
0.015011
0.015004
0.014997
0.014990
0.014983
0.014976
0.014969
0.014962
0.014955
0.014948
0.014941
0.014934
0.014927
0.014920
0.014913
0.014906
0.014899
0.014892
0.014885
0.014878
0.014871
0.014864
0.014857
0.014850
0.014843
0.014836
0.014829
0.014822
0.014815
0.014809
0.014802
0.014795
0.014788
0.014781
0.014774
0.014767
0.014760
0.014754
0.014747
0.014740
0.014733
0.014726
0.014719
0.014712
0.014706
0.014699
0.014692
0.014685
0.014678
0.014672
0.014665
0.014658
0.014651
0.014645
0.014638
0.014631
0.014624
0.014617
0.014611
0.014604
0.014597
0.014591
0.014584
0.014577
0.014570
0.014564
0.014557
0.014550
0.014544
0.014537
0.014530
0.014524
0.014517
0.014510
0.014504
0.014497
0.014490
0.014484
0.014477
0.014470
0.014464
0.014457
0.014451
0.014444
0.014437
0.014431
0.014424
0.014418
0.014411
0.014405
0.014398
0.014391
0.014385
0.014378
0.014372
0.014365
0.014359
0.014352
0.014346
0.014339
0.014333
0.014326
0.014320
0.014313
0.014307
0.014300
0.014294
0.014287
0.014281
0.014274
0.014268
0.014261
0.014255
0.014249
0.014242
0.014236
0.014229
0.014223
0.014216
0.014210
0.014204
0.014197
0.014191
0.014184
0.014178
0.014172
0.014165
0.014159
0.014153
0.014146
0.014140
0.014133
0.014127
0.014121
0.014114
0.014108
0.014102
0.014096
0.014089
0.014083
0.014077
0.014070
0.014064
0.014058
0.014051
0.014045
0.014039
0.014033
0.014026
0.014020
0.014014
0.014008
0.014001
0.013995
0.013989
0.013983
0.013977
0.013970
0.013964
0.013958
0.013952
0.013946
0.013939
0.013933
0.013927
0.013921
0.013915
0.013908
0.013902
0.013896
0.013890
0.013884
0.013878
0.013872
0.013865
0.013859
0.013853
0.013847
0.013841
0.013835
0.013829
0.013823
0.013817
0.013811
0.013804
0.013798
0.013792
0.013786
0.013780
0.013774
0.013768
0.013762
0.013756
0.013750
0.013744
0.013738
0.013732
0.013726
0.013720
0.013714
0.013708
0.013702
0.013696
0.013690
0.013684
0.013678
0.013672
0.013666
0.013660
0.013654
0.013648
0.013642
0.013636
0.013630
0.013624
0.013618
0.013613
0.013607
0.013601
0.013595
0.013589
0.013583
0.013577
0.013571
0.013565
0.013559
0.013554
0.013548
0.013542
0.013536
0.013530
0.013524
0.013518
0.013513
0.013507
0.013501
0.013495
0.013489
0.013483
0.013478
0.013472
0.013466
0.013460
0.013454
0.013449
0.013443
0.013437
0.013431
0.013425
0.013420
0.013414
0.013408
0.013402
0.013397
0.013391
0.013385
0.013379
0.013374
0.013368
0.013362
0.013356
0.013351
0.013345
0.013339
0.013334
0.013328
0.013322
0.013317
0.013311
0.013305
0.013299
0.013294
0.013288
0.013282
0.013277
0.013271
0.013265
0.013260
0.013254
0.013249
0.013243
0.013237
0.013232
0.013226
0.013220
0.013215
0.013209
0.013204
0.013198
0.013192
0.013187
0.013181
0.013176
0.013170
0.013165
0.013159
0.013153
0.013148
0.013142
0.013137
0.013131
0.013126
0.013120
0.013115
0.013109
0.013103
0.013098
0.013092
0.013087
0.013081
0.013076
0.013070
0.013065
0.013059
0.013054
0.013048
0.013043
0.013038
0.013032
0.013027
0.013021
0.013016
0.013010
0.013005
0.012999
0.012994
0.012988
0.012983
0.012978
0.012972
0.012967
0.012961
0.012956
0.012950
0.012945
0.012940
0.012934
0.012929
0.012924
0.012918
0.012913
0.012907
0.012902
0.012897
0.012891
0.012886
0.012881
0.012875
0.012870
0.012865
0.012859
0.012854
0.012849
0.012843
0.012838
0.012833
0.012827
0.012822
0.012817
0.012811
0.012806
0.012801
0.012795
0.012790
0.012785
0.012780
0.012774
0.012769
0.012764
0.012759
0.012753
0.012748
0.012743
0.012738
0.012732
0.012727
0.012722
0.012717
0.012711
0.012706
0.012701
0.012696
0.012690
0.012685
0.012680
0.012675
0.012670
0.012664
0.012659
0.012654
0.012649
0.012644
0.012639
0.012633
0.012628
0.012623
0.012618
0.012613
0.012608
0.012603
0.012597
0.012592
0.012587
0.012582
0.012577
0.012572
0.012567
0.012561
0.012556
0.012551
0.012546
0.012541
0.012536
0.012531
0.012526
0.012521
0.012516
0.012511
0.012505
0.012500
0.012495
0.012490
0.012485
0.012480
0.012475
0.012470
0.012465
0.012460
0.012455
0.012450
0.012445
0.012440
0.012435
0.012430
0.012425
0.012420
0.012415
0.012410
0.012405
0.012400
0.012395
0.012390
0.012385
0.012380
0.012375
0.012370
0.012365
0.012360
0.012355
0.012350
0.012345
0.012340
0.012335
0.012330
0.012325
0.012320
0.012316
0.012311
0.012306
0.012301
0.012296
0.012291
0.012286
0.012281
0.012276
0.012271
0.012266
0.012262
0.012257
0.012252
0.012247
0.012242
0.012237
0.012232
0.012227
0.012223
0.012218
0.012213
0.012208
0.012203
0.012198
0.012193
0.012189
0.012184
0.012179
0.012174
0.012169
0.012164
0.012160
0.012155
0.012150
0.012145
0.012140
0.012136
0.012131
0.012126
0.012121
0.012116
0.012112
0.012107
0.012102
0.012097
0.012093
0.012088
0.012083
0.012078
0.012074
0.012069
0.012064
0.012059
0.012055
0.012050
0.012045
0.012040
0.012036
0.012031
0.012026
0.012021
0.012017
0.012012
0.012007
0.012003
0.011998
0.011993
0.011989
0.011984
0.011979
0.011974
0.011970
0.011965
0.011960
0.011956
0.011951
0.011946
0.011942
0.011937
0.011932
0.011928
0.011923
0.011919
0.011914
0.011909
0.011905
0.011900
0.011895
0.011891
0.011886
0.011882
0.011877
0.011872
0.011868
0.011863
0.011858
0.011854
0.011849
0.011845
0.011840
0.011836
0.011831
0.011826
0.011822
0.011817
0.011813
0.011808
0.011804
0.011799
0.011794
0.011790
0.011785
0.011781
0.011776
0.011772
0.011767
0.011763
0.011758
0.011754
0.011749
0.011745
0.011740
0.011736
0.011731
0.011726
0.011722
0.011717
0.011713
0.011708
0.011704
0.011700
0.011695
0.011691
0.011686
0.011682
0.011677
0.011673
0.011668
0.011664
0.011659
0.011655
0.011650
0.011646
0.011641
0.011637
0.011633
0.011628
0.011624
0.011619
0.011615
0.011610
0.011606
0.011602
0.011597
0.011593
0.011588
0.011584
0.011580
0.011575
0.011571
0.011566
0.011562
0.011558
0.011553
0.011549
0.011544
0.011540
0.011536
0.011531
0.011527
0.011523
0.011518
0.011514
0.011510
0.011505
0.011501
0.011497
0.011492
0.011488
0.011483
0.011479
0.011475
0.011470
0.011466
0.011462
0.011458
0.011453
0.011449
0.011445
0.011440
0.011436
0.011432
0.011427
0.011423
0.011419
0.011415
0.011410
0.011406
0.011402
0.011397
0.011393
0.011389
0.011385
0.011380
0.011376
0.011372
0.011368
0.011363
0.011359
0.011355
0.011351
0.011346
0.011342
0.011338
0.011334
0.011329
0.011325
0.011321
0.011317
0.011313
0.011308
0.011304
0.011300
0.011296
0.011291
0.011287
0.011283
0.011279
0.011275
0.011270
0.011266
0.011262
0.011258
0.011254
0.011250
0.011245
0.011241
0.011237
0.011233
0.011229
0.011225
0.011220
0.011216
0.011212
0.011208
0.011204
0.011200
0.011196
0.011191
0.011187
0.011183
0.011179
0.011175
0.011171
0.011167
0.011163
0.011158
0.011154
0.011150
0.011146
0.011142
0.011138
0.011134
0.011130
0.011126
0.011122
0.011118
0.011113
0.011109
0.011105
0.011101
0.011097
0.011093
0.011089
0.011085
0.011081
0.011077
0.011073
0.011069
0.011065
0.011061
0.011057
0.011053
0.011049
0.011045
0.011040
0.011036
0.011032
0.011028
0.011024
0.011020
0.011016
0.011012
0.011008
0.011004
0.011000
0.010996
0.010992
0.010988
0.010984
0.010980
0.010976
0.010972
0.010968
0.010964
0.010960
0.010956
0.010952
0.010948
0.010945
0.010941
0.010937
0.010933
0.010929
0.010925
0.010921
0.010917
0.010913
0.010909
0.010905
0.010901
0.010897
0.010893
0.010889
0.010885
0.010881
0.010877
0.010874
0.010870
0.010866
0.010862
0.010858
0.010854
0.010850
0.010846
0.010842
0.010838
0.010835
0.010831
0.010827
0.010823
0.010819
0.010815
0.010811
0.010807
0.010803
0.010800
0.010796
0.010792
0.010788
0.010784
0.010780
0.010776
0.010773
0.010769
0.010765
0.010761
0.010757
0.010753
0.010749
0.010746
0.010742
0.010738
0.010734
0.010730
0.010727
0.010723
0.010719
0.010715
0.010711
0.010707
0.010704
0.010700
0.010696
0.010692
0.010688
0.010685
0.010681
0.010677
0.010673
0.010669
0.010666
0.010662
0.010658
0.010654
0.010651
0.010647
0.010643
0.010639
0.010636
0.010632
0.010628
0.010624
0.010621
0.010617
0.010613
0.010609
0.010606
0.010602
0.010598
0.010594
0.010591
0.010587
0.010583
0.010579
0.010576
0.010572
0.010568
0.010565
0.010561
0.010557
0.010553
0.010550
0.010546
0.010542
0.010539
0.010535
0.010531
0.010527
0.010524
0.010520
0.010516
0.010513
0.010509
0.010505
0.010502
0.010498
0.010494
0.010491
0.010487
0.010483
0.010480
0.010476
0.010472
0.010469
0.010465
0.010461
0.010458
0.010454
0.010451
0.010447
0.010443
0.010440
0.010436
0.010432
0.010429
0.010425
0.010421
0.010418
0.010414
0.010411
0.010407
0.010403
0.010400
0.010396
0.010393
0.010389
0.010385
0.010382
0.010378
0.010375
0.010371
0.010367
0.010364
0.010360
0.010357
0.010353
0.010349
0.010346
0.010342
0.010339
0.010335
0.010332
0.010328
0.010324
0.010321
0.010317
0.010314
0.010310
0.010307
0.010303
0.010300
0.010296
0.010293
0.010289
0.010285
0.010282
0.010278
0.010275
0.010271
0.010268
0.010264
0.010261
0.010257
0.010254
0.010250
0.010247
0.010243
0.010240
0.010236
0.010233
0.010229
0.010226
0.010222
0.010219
0.010215
0.010212
0.010208
0.010205
0.010201
0.010198
0.010194
0.010191
0.010187
0.010184
0.010180
0.010177
0.010173
0.010170
0.010167
0.010163
0.010160
0.010156
0.010153
0.010149
0.010146
0.010142
0.010139
0.010136
0.010132
0.010129
0.010125
0.010122
0.010118
0.010115
0.010111
0.010108
0.010105
0.010101
0.010098
0.010094
0.010091
0.010088
0.010084
0.010081
0.010077
0.010074
0.010071
0.010067
0.010064
0.010060
0.010057
0.010054
0.010050
0.010047
0.010043
0.010040
0.010037
0.010033
0.010030
0.010027
0.010023
0.010020
0.010016
0.010013
0.010010
0.010006
0.010003
0.010000
0.009996
0.009993
0.009990
0.009986
0.009983
0.009980
0.009976
0.009973
0.009970
0.009966
0.009963
0.009960
0.009956
0.009953
0.009950
0.009946
0.009943
0.009940
0.009936
0.009933
0.009930
0.009926
0.009923
0.009920
0.009916
0.009913
0.009910
0.009906
0.009903
0.009900
0.009897
0.009893
0.009890
0.009887
0.009883
0.009880
0.009877
0.009874
0.009870
0.009867
0.009864
0.009861
0.009857
0.009854
0.009851
0.009847
0.009844
0.009841
0.009838
0.009834
0.009831
0.009828
0.009825
0.009821
0.009818
0.009815
0.009812
0.009808
0.009805
0.009802
0.009799
0.009796
0.009792
0.009789
0.009786
0.009783
0.009779
0.009776
0.009773
0.009770
0.009767
0.009763
0.009760
0.009757
0.009754
0.009751
0.009747
0.009744
0.009741
0.009738
0.009735
0.009731
0.009728
0.009725
0.009722
0.009719
0.009715
0.009712
0.009709
0.009706
0.009703
0.009700
0.009696
0.009693
0.009690
0.009687
0.009684
0.009681
0.009677
0.009674
0.009671
0.009668
0.009665
0.009662
0.009658
0.009655
0.009652
0.009649
0.009646
0.009643
0.009640
0.009637
0.009633
0.009630
0.009627
0.009624
0.009621
0.009618
0.009615
0.009612
0.009608
0.009605
0.009602
0.009599
0.009596
0.009593
0.009590
0.009587
0.009584
0.009580
0.009577
0.009574
0.009571
0.009568
0.009565
0.009562
0.009559
0.009556
0.009553
0.009550
0.009546
0.009543
0.009540
0.009537
0.009534
0.009531
0.009528
0.009525
0.009522
0.009519
0.009516
0.009513
0.009510
0.009507
0.009504
0.009501
0.009497
0.009494
0.009491
0.009488
0.009485
0.009482
0.009479
0.009476
0.009473
0.009470
0.009467
0.009464
0.009461
0.009458
0.009455
0.009452
0.009449
0.009446
0.009443
0.009440
0.009437
0.009434
0.009431
0.009428
0.009425
0.009422
0.009419
0.009416
0.009413
0.009410
0.009407
0.009404
0.009401
0.009398
0.009395
0.009392
0.009389
0.009386
0.009383
0.009380
0.009377
0.009374
0.009371
0.009368
0.009365
0.009362
0.009359
0.009356
0.009353
0.009350
0.009347
0.009344
0.009341
0.009338
0.009335
0.009332
0.009330
0.009327
0.009324
0.009321
0.009318
0.009315
0.009312
0.009309
0.009306
0.009303
0.009300
0.009297
0.009294
0.009291
0.009288
0.009285
0.009283
0.009280
0.009277
0.009274
0.009271
0.009268
0.009265
0.009262
0.009259
0.009256
0.009253
0.009251
0.009248
0.009245
0.009242
0.009239
0.009236
0.009233
0.009230
0.009227
0.009224
0.009222
0.009219
0.009216
0.009213
0.009210
0.009207
0.009204
0.009201
0.009199
0.009196
0.009193
0.009190
0.009187
0.009184
0.009181
0.009178
0.009176
0.009173
0.009170
0.009167
0.009164
0.009161
0.009158
0.009156
0.009153
0.009150
0.009147
0.009144
0.009141
0.009139
0.009136
0.009133
0.009130
0.009127
0.009124
0.009122
0.009119
0.009116
0.009113
0.009110
0.009107
0.009105
0.009102
0.009099
0.009096
0.009093
0.009091
0.009088
0.009085
0.009082
0.009079
0.009077
0.009074
0.009071
0.009068
0.009065
0.009063
0.009060
0.009057
0.009054
0.009051
0.009049
0.009046
0.009043
0.009040
0.009037
0.009035
0.009032
0.009029
0.009026
0.009024
0.009021
0.009018
0.009015
0.009013
0.009010
0.009007
0.009004
0.009001
0.008999
0.008996
0.008993
0.008990
0.008988
0.008985
0.008982
0.008979
0.008977
0.008974
0.008971
0.008968
0.008966
0.008963
0.008960
0.008958
0.008955
0.008952
0.008949
0.008947
0.008944
0.008941
0.008938
0.008936
0.008933
0.008930
0.008928
0.008925
0.008922
0.008919
0.008917
0.008914
0.008911
0.008909
0.008906
0.008903
0.008900
0.008898
0.008895
0.008892
0.008890
0.008887
0.008884
0.008882
0.008879
0.008876
0.008874
0.008871
0.008868
0.008865
0.008863
0.008860
0.008857
0.008855
0.008852
0.008849
0.008847
0.008844
0.008841
0.008839
0.008836
0.008833
0.008831
0.008828
0.008825
0.008823
0.008820
0.008817
0.008815
0.008812
0.008809
0.008807
0.008804
0.008802
0.008799
0.008796
0.008794
0.008791
0.008788
0.008786
0.008783
0.008780
0.008778
0.008775
0.008773
0.008770
0.008767
0.008765
0.008762
0.008759
0.008757
0.008754
0.008752
0.008749
0.008746
0.008744
0.008741
0.008738
0.008736
0.008733
0.008731
0.008728
0.008725
0.008723
0.008720
0.008718
0.008715
0.008712
0.008710
0.008707
0.008705
0.008702
0.008699
0.008697
0.008694
0.008692
0.008689
0.008687
0.008684
0.008681
0.008679
0.008676
0.008674
0.008671
0.008669
0.008666
0.008663
0.008661
0.008658
0.008656
0.008653
0.008651
0.008648
0.008645
0.008643
0.008640
0.008638
0.008635
0.008633
0.008630
0.008628
0.008625
0.008622
0.008620
0.008617
0.008615
0.008612
0.008610
0.008607
0.008605
0.008602
0.008600
0.008597
0.008595
0.008592
0.008589
0.008587
0.008584
0.008582
0.008579
0.008577
0.008574
0.008572
0.008569
0.008567
0.008564
0.008562
0.008559
0.008557
0.008554
0.008552
0.008549
0.008547
0.008544
0.008542
0.008539
0.008537
0.008534
0.008532
0.008529
0.008527
0.008524
0.008522
0.008519
0.008517
0.008514
0.008512
0.008509
0.008507
0.008504
0.008502
0.008499
0.008497
0.008494
0.008492
0.008489
0.008487
0.008485
0.008482
0.008480
0.008477
0.008475
0.008472
0.008470
0.008467
0.008465
0.008462
0.008460
0.008457
0.008455
0.008453
0.008450
0.008448
0.008445
0.008443
0.008440
0.008438
0.008435
0.008433
0.008430
0.008428
0.008426
0.008423
0.008421
0.008418
0.008416
0.008413
0.008411
0.008409
0.008406
0.008404
0.008401
0.008399
0.008396
0.008394
0.008392
0.008389
0.008387
0.008384
0.008382
0.008380
0.008377
0.008375
0.008372
0.008370
0.008367
0.008365
0.008363
0.008360
0.008358
0.008355
0.008353
0.008351
0.008348
0.008346
0.008343
0.008341
0.008339
0.008336
0.008334
0.008331
0.008329
0.008327
0.008324
0.008322
0.008320
0.008317
0.008315
0.008312
0.008310
0.008308
0.008305
0.008303
0.008301
0.008298
0.008296
0.008293
0.008291
0.008289
0.008286
0.008284
0.008282
0.008279
0.008277
0.008275
0.008272
0.008270
0.008267
0.008265
0.008263
0.008260
0.008258
0.008256
0.008253
0.008251
0.008249
0.008246
0.008244
0.008242
0.008239
0.008237
0.008235
0.008232
0.008230
0.008228
0.008225
0.008223
0.008221
0.008218
0.008216
0.008214
0.008211
0.008209
0.008207
0.008204
0.008202
0.008200
0.008197
0.008195
0.008193
0.008190
0.008188
0.008186
0.008184
0.008181
0.008179
0.008177
0.008174
0.008172
0.008170
0.008167
0.008165
0.008163
0.008161
0.008158
0.008156
0.008154
0.008151
0.008149
0.008147
0.008144
0.008142
0.008140
0.008138
0.008135
0.008133
0.008131
0.008128
0.008126
0.008124
0.008122
0.008119
0.008117
0.008115
0.008113
0.008110
0.008108
0.008106
0.008103
0.008101
0.008099
0.008097
0.008094
0.008092
0.008090
0.008088
0.008085
0.008083
0.008081
0.008079
0.008076
0.008074
0.008072
0.008070
0.008067
0.008065
0.008063
0.008061
0.008058
0.008056
0.008054
0.008052
0.008049
0.008047
0.008045
0.008043
0.008040
0.008038
0.008036
0.008034
0.008032
0.008029
0.008027
0.008025
0.008023
0.008020
0.008018
0.008016
0.008014
0.008012
0.008009
0.008007
0.008005
0.008003
0.008000
0.007998
0.007996
0.007994
0.007992
0.007989
0.007987
0.007985
0.007983
0.007981
0.007978
0.007976
0.007974
0.007972
0.007970
0.007967
0.007965
0.007963
0.007961
0.007959
0.007956
0.007954
0.007952
0.007950
0.007948
0.007945
0.007943
0.007941
0.007939
0.007937
0.007935
0.007932
0.007930
0.007928
0.007926
0.007924
0.007921
0.007919
0.007917
0.007915
0.007913
0.007911
0.007908
0.007906
0.007904
0.007902
0.007900
0.007898
0.007895
0.007893
0.007891
0.007889
0.007887
0.007885
0.007883
0.007880
0.007878
0.007876
0.007874
0.007872
0.007870
0.007868
0.007865
0.007863
0.007861
0.007859
0.007857
0.007855
0.007853
0.007850
0.007848
0.007846
0.007844
0.007842
0.007840
0.007838
0.007835
0.007833
0.007831
0.007829
0.007827
0.007825
0.007823
0.007821
0.007818
0.007816
0.007814
0.007812
0.007810
0.007808
0.007806
0.007804
0.007802
0.007799
0.007797
0.007795
0.007793
0.007791
0.007789
0.007787
0.007785
0.007783
0.007780
0.007778
0.007776
0.007774
0.007772
0.007770
0.007768
0.007766
0.007764
0.007762
0.007760
0.007757
0.007755
0.007753
0.007751
0.007749
0.007747
0.007745
0.007743
0.007741
0.007739
0.007737
0.007735
0.007732
0.007730
0.007728
0.007726
0.007724
0.007722
0.007720
0.007718
0.007716
0.007714
0.007712
0.007710
0.007708
0.007706
0.007703
0.007701
0.007699
0.007697
0.007695
0.007693
0.007691
0.007689
0.007687
0.007685
0.007683
0.007681
0.007679
0.007677
0.007675
0.007673
0.007671
0.007669
0.007667
0.007664
0.007662
0.007660
0.007658
0.007656
0.007654
0.007652
0.007650
0.007648
0.007646
0.007644
0.007642
0.007640
0.007638
0.007636
0.007634
0.007632
0.007630
0.007628
0.007626
0.007624
0.007622
0.007620
0.007618
0.007616
0.007614
0.007612
0.007610
0.007608
0.007606
0.007604
0.007602
0.007600
0.007598
0.007596
0.007594
0.007592
0.007590
0.007588
0.007586
0.007584
0.007582
0.007580
0.007578
0.007576
0.007574
0.007572
0.007570
0.007568
0.007566
0.007564
0.007562
0.007560
0.007558
0.007556
0.007554
0.007552
0.007550
0.007548
0.007546
0.007544
0.007542
0.007540
0.007538
0.007536
0.007534
0.007532
0.007530
0.007528
0.007526
0.007524
0.007522
0.007520
0.007518
0.007516
0.007514
0.007512
0.007510
0.007508
0.007506
0.007504
0.007502
0.007500
0.007498
0.007496
0.007494
0.007493
0.007491
0.007489
0.007487
0.007485
0.007483
0.007481
0.007479
0.007477
0.007475
0.007473
0.007471
0.007469
0.007467
0.007465
0.007463
0.007461
0.007459
0.007457
0.007456
0.007454
0.007452
0.007450
0.007448
0.007446
0.007444
0.007442
0.007440
0.007438
0.007436
0.007434
0.007432
0.007430
0.007428
0.007427
0.007425
0.007423
0.007421
0.007419
0.007417
0.007415
0.007413
0.007411
0.007409
0.007407
0.007405
0.007403
0.007402
0.007400
0.007398
0.007396
0.007394
0.007392
0.007390
0.007388
0.007386
0.007384
0.007382
0.007381
0.007379
0.007377
0.007375
0.007373
0.007371
0.007369
0.007367
0.007365
0.007364
0.007362
0.007360
0.007358
0.007356
0.007354
0.007352
0.007350
0.007348
0.007346
0.007345
0.007343
0.007341
0.007339
0.007337
0.007335
0.007333
0.007331
0.007330
0.007328
0.007326
0.007324
0.007322
0.007320
0.007318
0.007316
0.007315
0.007313
0.007311
0.007309
0.007307
0.007305
0.007303
0.007301
0.007300
0.007298
0.007296
0.007294
0.007292
0.007290
0.007288
0.007287
0.007285
0.007283
0.007281
0.007279
0.007277
0.007275
0.007274
0.007272
0.007270
0.007268
0.007266
0.007264
0.007263
0.007261
0.007259
0.007257
0.007255
0.007253
0.007251
0.007250
0.007248
0.007246
0.007244
0.007242
0.007240
0.007239
0.007237
0.007235
0.007233
0.007231
0.007229
0.007228
0.007226
0.007224
0.007222
0.007220
0.007218
0.007217
0.007215
0.007213
0.007211
0.007209
0.007208
0.007206
0.007204
0.007202
0.007200
0.007198
0.007197
0.007195
0.007193
0.007191
0.007189
0.007188
0.007186
0.007184
0.007182
0.007180
0.007179
0.007177
0.007175
0.007173
0.007171
0.007170
0.007168
0.007166
0.007164
0.007162
0.007161
0.007159
0.007157
0.007155
0.007153
0.007152
0.007150
0.007148
0.007146
0.007144
0.007143
0.007141
0.007139
0.007137
0.007135
0.007134
0.007132
0.007130
0.007128
0.007127
0.007125
0.007123
0.007121
0.007119
0.007118
0.007116
0.007114
0.007112
0.007111
0.007109
0.007107
0.007105
0.007103
0.007102
0.007100
0.007098
0.007096
0.007095
0.007093
0.007091
0.007089
0.007088
0.007086
0.007084
0.007082
0.007080
0.007079
0.007077
0.007075
0.007073
0.007072
0.007070
0.007068
0.007066
0.007065
0.007063
0.007061
0.007059
0.007058
0.007056
0.007054
0.007052
0.007051
0.007049
0.007047
0.007045
0.007044
0.007042
0.007040
0.007038
0.007037
0.007035
0.007033
0.007032
0.007030
0.007028
0.007026
0.007025
0.007023
0.007021
0.007019
0.007018
0.007016
0.007014
0.007012
0.007011
0.007009
0.007007
0.007006
0.007004
0.007002
0.007000
0.006999
0.006997
0.006995
0.006994
0.006992
0.006990
0.006988
0.006987
0.006985
0.006983
0.006982
0.006980
0.006978
0.006976
0.006975
0.006973
0.006971
0.006970
0.006968
0.006966
0.006964
0.006963
0.006961
0.006959
0.006958
0.006956
0.006954
0.006952
0.006951
0.006949
0.006947
0.006946
0.006944
0.006942
0.006941
0.006939
0.006937
0.006936
0.006934
0.006932
0.006930
0.006929
0.006927
0.006925
0.006924
0.006922
0.006920
0.006919
0.006917
0.006915
0.006914
0.006912
0.006910
0.006909
0.006907
0.006905
0.006904
0.006902
0.006900
0.006898
0.006897
0.006895
0.006893
0.006892
0.006890
0.006888
0.006887
0.006885
0.006883
0.006882
0.006880
0.006878
0.006877
0.006875
0.006873
0.006872
0.006870
0.006868
0.006867
0.006865
0.006863
0.006862
0.006860
0.006858
0.006857
0.006855
0.006854
0.006852
0.006850
0.006849
0.006847
0.006845
0.006844
0.006842
0.006840
0.006839
0.006837
0.006835
0.006834
0.006832
0.006830
0.006829
0.006827
0.006825
0.006824
0.006822
0.006821
0.006819
0.006817
0.006816
0.006814
0.006812
0.006811
0.006809
0.006807
0.006806
0.006804
0.006803
0.006801
0.006799
0.006798
0.006796
0.006794
0.006793
0.006791
0.006790
0.006788
0.006786
0.006785
0.006783
0.006781
0.006780
0.006778
0.006777
0.006775
0.006773
0.006772
0.006770
0.006768
0.006767
0.006765
0.006764
0.006762
0.006760
0.006759
0.006757
0.006756
0.006754
0.006752
0.006751
0.006749
0.006747
0.006746
0.006744
0.006743
0.006741
0.006739
0.006738
0.006736
0.006735
0.006733
0.006731
0.006730
0.006728
0.006727
0.006725
0.006723
0.006722
0.006720
0.006719
0.006717
0.006715
0.006714
0.006712
0.006711
0.006709
0.006708
0.006706
0.006704
0.006703
0.006701
0.006700
0.006698
0.006696
0.006695
0.006693
0.006692
0.006690
0.006689
0.006687
0.006685
0.006684
0.006682
0.006681
0.006679
0.006677
0.006676
0.006674
0.006673
0.006671
0.006670
0.006668
0.006666
0.006665
0.006663
0.006662
0.006660
0.006659
0.006657
0.006655
0.006654
0.006652
0.006651
0.006649
0.006648
0.006646
0.006645
0.006643
0.006641
0.006640
0.006638
0.006637
0.006635
0.006634
0.006632
0.006631
0.006629
0.006627
0.006626
0.006624
0.006623
0.006621
0.006620
0.006618
0.006617
0.006615
0.006613
0.006612
0.006610
0.006609
0.006607
0.006606
0.006604
0.006603
0.006601
0.006600
0.006598
0.006596
0.006595
0.006593
0.006592
0.006590
0.006589
0.006587
0.006586
0.006584
0.006583
0.006581
0.006580
0.006578
0.006577
0.006575
0.006573
0.006572
0.006570
0.006569
0.006567
0.006566
0.006564
0.006563
0.006561
0.006560
0.006558
0.006557
0.006555
0.006554
0.006552
0.006551
0.006549
0.006548
0.006546
0.006544
0.006543
0.006541
0.006540
0.006538
0.006537
0.006535
0.006534
0.006532
0.006531
0.006529
0.006528
0.006526
0.006525
0.006523
0.006522
0.006520
0.006519
0.006517
0.006516
0.006514
0.006513
0.006511
0.006510
0.006508
0.006507
0.006505
0.006504
0.006502
0.006501
0.006499
0.006498
0.006496
0.006495
0.006493
0.006492
0.006490
0.006489
0.006487
0.006486
0.006484
0.006483
0.006481
0.006480
0.006478
0.006477
0.006475
0.006474
0.006472
0.006471
0.006469
0.006468
0.006466
0.006465
0.006464
0.006462
0.006461
0.006459
0.006458
0.006456
0.006455
0.006453
0.006452
0.006450
0.006449
0.006447
0.006446
0.006444
0.006443
0.006441
0.006440
0.006438
0.006437
0.006435
0.006434
0.006433
0.006431
0.006430
0.006428
0.006427
0.006425
0.006424
0.006422
0.006421
0.006419
0.006418
0.006416
0.006415
0.006414
0.006412
0.006411
0.006409
0.006408
0.006406
0.006405
0.006403
0.006402
0.006400
0.006399
0.006397
0.006396
0.006395
0.006393
0.006392
0.006390
0.006389
0.006387
0.006386
0.006384
0.006383
0.006382
0.006380
0.006379
0.006377
0.006376
0.006374
0.006373
0.006371
0.006370
0.006369
0.006367
0.006366
0.006364
0.006363
0.006361
0.006360
0.006358
0.006357
0.006356
0.006354
0.006353
0.006351
0.006350
0.006348
0.006347
0.006346
0.006344
0.006343
0.006341
0.006340
0.006338
0.006337
0.006336
0.006334
0.006333
0.006331
0.006330
0.006328
0.006327
0.006326
0.006324
0.006323
0.006321
0.006320
0.006318
0.006317
0.006316
0.006314
0.006313
0.006311
0.006310
0.006309
0.006307
0.006306
0.006304
0.006303
0.006301
0.006300
0.006299
0.006297
0.006296
0.006294
0.006293
0.006292
0.006290
0.006289
0.006287
0.006286
0.006285
0.006283
0.006282
0.006280
0.006279
0.006278
0.006276
0.006275
0.006273
0.006272
0.006271
0.006269
0.006268
0.006266
0.006265
0.006264
0.006262
0.006261
0.006259
0.006258
0.006257
0.006255
0.006254
0.006252
0.006251
0.006250
0.006248
0.006247
0.006245
0.006244
0.006243
0.006241
0.006240
0.006239
0.006237
0.006236
0.006234
0.006233
0.006232
0.006230
0.006229
0.006227
0.006226
0.006225
0.006223
0.006222
0.006221
0.006219
0.006218
0.006216
0.006215
0.006214
0.006212
0.006211
0.006210
0.006208
0.006207
0.006205
0.006204
0.006203
0.006201
0.006200
0.006199
0.006197
0.006196
0.006194
0.006193
0.006192
0.006190
0.006189
0.006188
0.006186
0.006185
0.006184
0.006182
0.006181
0.006179
0.006178
0.006177
0.006175
0.006174
0.006173
0.006171
0.006170
0.006169
0.006167
0.006166
0.006165
0.006163
0.006162
0.006160
0.006159
0.006158
0.006156
0.006155
0.006154
0.006152
0.006151
0.006150
0.006148
0.006147
0.006146
0.006144
0.006143
0.006142
0.006140
0.006139
0.006138
0.006136
0.006135
0.006133
0.006132
0.006131
0.006129
0.006128
0.006127
0.006125
0.006124
0.006123
0.006121
0.006120
0.006119
0.006117
0.006116
0.006115
0.006113
0.006112
0.006111
0.006109
0.006108
0.006107
0.006105
0.006104
0.006103
0.006101
0.006100
0.006099
0.006097
0.006096
0.006095
0.006093
0.006092
0.006091
0.006089
0.006088
0.006087
0.006086
0.006084
0.006083
0.006082
0.006080
0.006079
0.006078
0.006076
0.006075
0.006074
0.006072
0.006071
0.006070
0.006068
0.006067
0.006066
0.006064
0.006063
0.006062
0.006060
0.006059
0.006058
0.006057
0.006055
0.006054
0.006053
0.006051
0.006050
0.006049
0.006047
0.006046
0.006045
0.006043
0.006042
0.006041
0.006040
0.006038
0.006037
0.006036
0.006034
0.006033
0.006032
0.006030
0.006029
0.006028
0.006027
0.006025
0.006024
0.006023
0.006021
0.006020
0.006019
0.006017
0.006016
0.006015
0.006014
0.006012
0.006011
0.006010
0.006008
0.006007
0.006006
0.006005
0.006003
0.006002
0.006001
0.005999
0.005998
0.005997
0.005996
0.005994
0.005993
0.005992
0.005990
0.005989
0.005988
0.005987
0.005985
0.005984
0.005983
0.005981
0.005980
0.005979
0.005978
0.005976
0.005975
0.005974
0.005972
0.005971
0.005970
0.005969
0.005967
0.005966
0.005965
0.005964
0.005962
0.005961
0.005960
0.005958
0.005957
0.005956
0.005955
0.005953
0.005952
0.005951
0.005950
0.005948
0.005947
0.005946
0.005945
0.005943
0.005942
0.005941
0.005939
0.005938
0.005937
0.005936
0.005934
0.005933
0.005932
0.005931
0.005929
0.005928
0.005927
0.005926
0.005924
0.005923
0.005922
0.005921
0.005919
0.005918
0.005917
0.005916
0.005914
0.005913
0.005912
0.005911
0.005909
0.005908
0.005907
0.005906
0.005904
0.005903
0.005902
0.005901
0.005899
0.005898
0.005897
0.005896
0.005894
0.005893
0.005892
0.005891
0.005889
0.005888
0.005887
0.005886
0.005884
0.005883
0.005882
0.005881
0.005879
0.005878
0.005877
0.005876
0.005874
0.005873
0.005872
0.005871
0.005870
0.005868
0.005867
0.005866
0.005865
0.005863
0.005862
0.005861
0.005860
0.005858
0.005857
0.005856
0.005855
0.005854
0.005852
0.005851
0.005850
0.005849
0.005847
0.005846
0.005845
0.005844
0.005842
0.005841
0.005840
0.005839
0.005838
0.005836
0.005835
0.005834
0.005833
0.005831
0.005830
0.005829
0.005828
0.005827
0.005825
0.005824
0.005823
0.005822
0.005821
0.005819
0.005818
0.005817
0.005816
0.005814
0.005813
0.005812
0.005811
0.005810
0.005808
0.005807
0.005806
0.005805
0.005804
0.005802
0.005801
0.005800
0.005799
0.005798
0.005796
0.005795
0.005794
0.005793
0.005791
0.005790
0.005789
0.005788
0.005787
0.005785
0.005784
0.005783
0.005782
0.005781
0.005779
0.005778
0.005777
0.005776
0.005775
0.005773
0.005772
0.005771
0.005770
0.005769
0.005767
0.005766
0.005765
0.005764
0.005763
0.005762
0.005760
0.005759
0.005758
0.005757
0.005756
0.005754
0.005753
0.005752
0.005751
0.005750
0.005748
0.005747
0.005746
0.005745
0.005744
0.005743
0.005741
0.005740
0.005739
0.005738
0.005737
0.005735
0.005734
0.005733
0.005732
0.005731
0.005730
0.005728
0.005727
0.005726
0.005725
0.005724
0.005722
0.005721
0.005720
0.005719
0.005718
0.005717
0.005715
0.005714
0.005713
0.005712
0.005711
0.005710
0.005708
0.005707
0.005706
0.005705
0.005704
0.005702
0.005701
0.005700
0.005699
0.005698
0.005697
0.005695
0.005694
0.005693
0.005692
0.005691
0.005690
0.005688
0.005687
0.005686
0.005685
0.005684
0.005683
0.005682
0.005680
0.005679
0.005678
0.005677
0.005676
0.005675
0.005673
0.005672
0.005671
0.005670
0.005669
0.005668
0.005666
0.005665
0.005664
0.005663
0.005662
0.005661
0.005660
0.005658
0.005657
0.005656
0.005655
0.005654
0.005653
0.005651
0.005650
0.005649
0.005648
0.005647
0.005646
0.005645
0.005643
0.005642
0.005641
0.005640
0.005639
0.005638
0.005637
0.005635
0.005634
0.005633
0.005632
0.005631
0.005630
0.005629
0.005627
0.005626
0.005625
0.005624
0.005623
0.005622
0.005621
0.005619
0.005618
0.005617
0.005616
0.005615
0.005614
0.005613
0.005612
0.005610
0.005609
0.005608
0.005607
0.005606
0.005605
0.005604
0.005602
0.005601
0.005600
0.005599
0.005598
0.005597
0.005596
0.005595
0.005593
0.005592
0.005591
0.005590
0.005589
0.005588
0.005587
0.005586
0.005584
0.005583
0.005582
0.005581
0.005580
0.005579
0.005578
0.005577
0.005575
0.005574
0.005573
0.005572
0.005571
0.005570
0.005569
0.005568
0.005566
0.005565
0.005564
0.005563
0.005562
0.005561
0.005560
0.005559
0.005558
0.005556
0.005555
0.005554
0.005553
0.005552
0.005551
0.005550
0.005549
0.005548
0.005546
0.005545
0.005544
0.005543
0.005542
0.005541
0.005540
0.005539
0.005538
0.005536
0.005535
0.005534
0.005533
0.005532
0.005531
0.005530
0.005529
0.005528
0.005527
0.005525
0.005524
0.005523
0.005522
0.005521
0.005520
0.005519
0.005518
0.005517
0.005516
0.005514
0.005513
0.005512
0.005511
0.005510
0.005509
0.005508
0.005507
0.005506
0.005505
0.005504
0.005502
0.005501
0.005500
0.005499
0.005498
0.005497
0.005496
0.005495
0.005494
0.005493
0.005491
0.005490
0.005489
0.005488
0.005487
0.005486
0.005485
0.005484
0.005483
0.005482
0.005481
0.005480
0.005478
0.005477
0.005476
0.005475
0.005474
0.005473
0.005472
0.005471
0.005470
0.005469
0.005468
0.005467
0.005465
0.005464
0.005463
0.005462
0.005461
0.005460
0.005459
0.005458
0.005457
0.005456
0.005455
0.005454
0.005453
0.005452
0.005450
0.005449
0.005448
0.005447
0.005446
0.005445
0.005444
0.005443
0.005442
0.005441
0.005440
0.005439
0.005438
0.005437
0.005435
0.005434
0.005433
0.005432
0.005431
0.005430
0.005429
0.005428
0.005427
0.005426
0.005425
0.005424
0.005423
0.005422
0.005421
0.005419
0.005418
0.005417
0.005416
0.005415
0.005414
0.005413
0.005412
0.005411
0.005410
0.005409
0.005408
0.005407
0.005406
0.005405
0.005404
0.005403
0.005401
0.005400
0.005399
0.005398
0.005397
0.005396
0.005395
0.005394
0.005393
0.005392
0.005391
0.005390
0.005389
0.005388
0.005387
0.005386
0.005385
0.005384
0.005383
0.005382
0.005380
0.005379
0.005378
0.005377
0.005376
0.005375
0.005374
0.005373
0.005372
0.005371
0.005370
0.005369
0.005368
0.005367
0.005366
0.005365
0.005364
0.005363
0.005362
0.005361
0.005360
0.005359
0.005358
0.005356
0.005355
0.005354
0.005353
0.005352
0.005351
0.005350
0.005349
0.005348
0.005347
0.005346
0.005345
0.005344
0.005343
0.005342
0.005341
0.005340
0.005339
0.005338
0.005337
0.005336
0.005335
0.005334
0.005333
0.005332
0.005331
0.005330
0.005329
0.005328
0.005327
0.005325
0.005324
0.005323
0.005322
0.005321
0.005320
0.005319
0.005318
0.005317
0.005316
0.005315
0.005314
0.005313
0.005312
0.005311
0.005310
0.005309
0.005308
0.005307
0.005306
0.005305
0.005304
0.005303
0.005302
0.005301
0.005300
0.005299
0.005298
0.005297
0.005296
0.005295
0.005294
0.005293
0.005292
0.005291
0.005290
0.005289
0.005288
0.005287
0.005286
0.005285
0.005284
0.005283
0.005282
0.005281
0.005280
0.005279
0.005278
0.005277
0.005276
0.005275
0.005274
0.005273
0.005272
0.005271
0.005270
0.005269
0.005268
0.005267
0.005266
0.005265
0.005264
0.005263
0.005262
0.005261
0.005260
0.005259
0.005258
0.005257
0.005256
0.005255
0.005254
0.005253
0.005252
0.005251
0.005250
0.005249
0.005248
0.005247
0.005246
0.005245
0.005244
0.005243
0.005242
0.005241
0.005240
0.005239
0.005238
0.005237
0.005236
0.005235
0.005234
0.005233
0.005232
0.005231
0.005230
0.005229
0.005228
0.005227
0.005226
0.005225
0.005224
0.005223
0.005222
0.005221
0.005220
0.005219
0.005218
0.005217
0.005216
0.005215
0.005214
0.005213
0.005212
0.005211
0.005210
0.005209
0.005208
0.005207
0.005206
0.005205
0.005204
0.005203
0.005202
0.005201
0.005200
0.005199
0.005198
0.005197
0.005196
0.005195
0.005194
0.005193
0.005192
0.005191
0.005190
0.005189
0.005188
0.005187
0.005186
0.005185
0.005184
0.005183
0.005182
0.005181
0.005180
0.005179
0.005178
0.005178
0.005177
0.005176
0.005175
0.005174
0.005173
0.005172
0.005171
0.005170
0.005169
0.005168
0.005167
0.005166
0.005165
0.005164
0.005163
0.005162
0.005161
0.005160
0.005159
0.005158
0.005157
0.005156
0.005155
0.005154
0.005153
0.005152
0.005151
0.005150
0.005149
0.005148
0.005147
0.005147
0.005146
0.005145
0.005144
0.005143
0.005142
0.005141
0.005140
0.005139
0.005138
0.005137
0.005136
0.005135
0.005134
0.005133
0.005132
0.005131
0.005130
0.005129
0.005128
0.005127
0.005126
0.005125
0.005124
0.005124
0.005123
0.005122
0.005121
0.005120
0.005119
0.005118
0.005117
0.005116
0.005115
0.005114
0.005113
0.005112
0.005111
0.005110
0.005109
0.005108
0.005107
0.005106
0.005105
0.005105
0.005104
0.005103
0.005102
0.005101
0.005100
0.005099
0.005098
0.005097
0.005096
0.005095
0.005094
0.005093
0.005092
0.005091
0.005090
0.005089
0.005088
0.005088
0.005087
0.005086
0.005085
0.005084
0.005083
0.005082
0.005081
0.005080
0.005079
0.005078
0.005077
0.005076
0.005075
0.005074
0.005073
0.005072
0.005072
0.005071
0.005070
0.005069
0.005068
0.005067
0.005066
0.005065
0.005064
0.005063
0.005062
0.005061
0.005060
0.005059
0.005058
0.005058
0.005057
0.005056
0.005055
0.005054
0.005053
0.005052
0.005051
0.005050
0.005049
0.005048
0.005047
0.005046
0.005045
0.005045
0.005044
0.005043
0.005042
0.005041
0.005040
0.005039
0.005038
0.005037
0.005036
0.005035
0.005034
0.005033
0.005033
0.005032
0.005031
0.005030
0.005029
0.005028
0.005027
0.005026
0.005025
0.005024
0.005023
0.005022
0.005021
0.005021
0.005020
0.005019
0.005018
0.005017
0.005016
0.005015
0.005014
0.005013
0.005012
0.005011
0.005010
0.005010
0.005009
0.005008
0.005007
0.005006
0.005005
0.005004
0.005003
0.005002
0.005001
0.005000
0.005000
0.004999
0.004998
0.004997
0.004996
0.004995
0.004994
0.004993
0.004992
0.004991
0.004990
0.004990
0.004989
0.004988
0.004987
0.004986
0.004985
0.004984
0.004983
0.004982
0.004981
0.004980
0.004980
0.004979
0.004978
0.004977
0.004976
0.004975
0.004974
0.004973
0.004972
0.004971
0.004971
0.004970
0.004969
0.004968
0.004967
0.004966
0.004965
0.004964
0.004963
0.004962
0.004962
0.004961
0.004960
0.004959
0.004958
0.004957
0.004956
0.004955
0.004954
0.004953
0.004953
0.004952
0.004951
0.004950
0.004949
0.004948
0.004947
0.004946
0.004945
0.004945
0.004944
0.004943
0.004942
0.004941
0.004940
0.004939
0.004938
0.004937
0.004937
0.004936
0.004935
0.004934
0.004933
0.004932
0.004931
0.004930
0.004929
0.004929
0.004928
0.004927
0.004926
0.004925
0.004924
0.004923
0.004922
0.004921
0.004921
0.004920
0.004919
0.004918
0.004917
0.004916
0.004915
0.004914
0.004914
0.004913
0.004912
0.004911
0.004910
0.004909
0.004908
0.004907
0.004906
0.004906
0.004905
0.004904
0.004903
0.004902
0.004901
0.004900
0.004899
0.004899
0.004898
0.004897
0.004896
0.004895
0.004894
0.004893
0.004892
0.004892
0.004891
0.004890
0.004889
0.004888
0.004887
0.004886
0.004885
0.004885
0.004884
0.004883
0.004882
0.004881
0.004880
0.004879
0.004879
0.004878
0.004877
0.004876
0.004875
0.004874
0.004873
0.004872
0.004872
0.004871
0.004870
0.004869
0.004868
0.004867
0.004866
0.004866
0.004865
0.004864
0.004863
0.004862
0.004861
0.004860
0.004859
0.004859
0.004858
0.004857
0.004856
0.004855
0.004854
0.004853
0.004853
0.004852
0.004851
0.004850
0.004849
0.004848
0.004847
0.004847
0.004846
0.004845
0.004844
0.004843
0.004842
0.004841
0.004841
0.004840
0.004839
0.004838
0.004837
0.004836
0.004835
0.004835
0.004834
0.004833
0.004832
0.004831
0.004830
0.004829
0.004829
0.004828
0.004827
0.004826
0.004825
0.004824
0.004823
0.004823
0.004822
0.004821
0.004820
0.004819
0.004818
0.004818
0.004817
0.004816
0.004815
0.004814
0.004813
0.004812
0.004812
0.004811
0.004810
0.004809
0.004808
0.004807
0.004807
0.004806
0.004805
0.004804
0.004803
0.004802
0.004801
0.004801
0.004800
0.004799
0.004798
0.004797
0.004796
0.004796
0.004795
0.004794
0.004793
0.004792
0.004791
0.004791
0.004790
0.004789
0.004788
0.004787
0.004786
0.004785
0.004785
0.004784
0.004783
0.004782
0.004781
0.004780
0.004780
0.004779
0.004778
0.004777
0.004776
0.004775
0.004775
0.004774
0.004773
0.004772
0.004771
0.004770
0.004770
0.004769
0.004768
0.004767
0.004766
0.004765
0.004765
0.004764
0.004763
0.004762
0.004761
0.004760
0.004760
0.004759
0.004758
0.004757
0.004756
0.004755
0.004755
0.004754
0.004753
0.004752
0.004751
0.004751
0.004750
0.004749
0.004748
0.004747
0.004746
0.004746
0.004745
0.004744
0.004743
0.004742
0.004741
0.004741
0.004740
0.004739
0.004738
0.004737
0.004737
0.004736
0.004735
0.004734
0.004733
0.004732
0.004732
0.004731
0.004730
0.004729
0.004728
0.004728
0.004727
0.004726
0.004725
0.004724
0.004723
0.004723
0.004722
0.004721
0.004720
0.004719
0.004719
0.004718
0.004717
0.004716
0.004715
0.004714
0.004714
0.004713
0.004712
0.004711
0.004710
0.004710
0.004709
0.004708
0.004707
0.004706
0.004705
0.004705
0.004704
0.004703
0.004702
0.004701
0.004701
0.004700
0.004699
0.004698
0.004697
0.004697
0.004696
0.004695
0.004694
0.004693
0.004693
0.004692
0.004691
0.004690
0.004689
0.004689
0.004688
0.004687
0.004686
0.004685
0.004684
0.004684
0.004683
0.004682
0.004681
0.004680
0.004680
0.004679
0.004678
0.004677
0.004676
0.004676
0.004675
0.004674
0.004673
0.004672
0.004672
0.004671
0.004670
0.004669
0.004668
0.004668
0.004667
0.004666
0.004665
0.004664
0.004664
0.004663
0.004662
0.004661
0.004660
0.004660
0.004659
0.004658
0.004657
0.004656
0.004656
0.004655
0.004654
0.004653
0.004653
0.004652
0.004651
0.004650
0.004649
0.004649
0.004648
0.004647
0.004646
0.004645
0.004645
0.004644
0.004643
0.004642
0.004641
0.004641
0.004640
0.004639
0.004638
0.004637
0.004637
0.004636
0.004635
0.004634
0.004634
0.004633
0.004632
0.004631
0.004630
0.004630
0.004629
0.004628
0.004627
0.004626
0.004626
0.004625
0.004624
0.004623
0.004623
0.004622
0.004621
0.004620
0.004619
0.004619
0.004618
0.004617
0.004616
0.004615
0.004615
0.004614
0.004613
0.004612
0.004612
0.004611
0.004610
0.004609
0.004608
0.004608
0.004607
0.004606
0.004605
0.004605
0.004604
0.004603
0.004602
0.004601
0.004601
0.004600
0.004599
0.004598
0.004598
0.004597
0.004596
0.004595
0.004594
0.004594
0.004593
0.004592
0.004591
0.004591
0.004590
0.004589
0.004588
0.004587
0.004587
0.004586
0.004585
0.004584
0.004584
0.004583
0.004582
0.004581
0.004581
0.004580
0.004579
0.004578
0.004577
0.004577
0.004576
0.004575
0.004574
0.004574
0.004573
0.004572
0.004571
0.004571
0.004570
0.004569
0.004568
0.004567
0.004567
0.004566
0.004565
0.004564
0.004564
0.004563
0.004562
0.004561
0.004561
0.004560
0.004559
0.004558
0.004558
0.004557
0.004556
0.004555
0.004554
0.004554
0.004553
0.004552
0.004551
0.004551
0.004550
0.004549
0.004548
0.004548
0.004547
0.004546
0.004545
0.004545
0.004544
0.004543
0.004542
0.004542
0.004541
0.004540
0.004539
0.004538
0.004538
0.004537
0.004536
0.004535
0.004535
0.004534
0.004533
0.004532
0.004532
0.004531
0.004530
0.004529
0.004529
0.004528
0.004527
0.004526
0.004526
0.004525
0.004524
0.004523
0.004523
0.004522
0.004521
0.004520
0.004520
0.004519
0.004518
0.004517
0.004517
0.004516
0.004515
0.004514
0.004514
0.004513
0.004512
0.004511
0.004511
0.004510
0.004509
0.004508
0.004508
0.004507
0.004506
0.004505
0.004505
0.004504
0.004503
0.004502
0.004502
0.004501
0.004500
0.004499
0.004499
0.004498
0.004497
0.004496
0.004496
0.004495
0.004494
0.004493
0.004493
0.004492
0.004491
0.004490
0.004490
0.004489
0.004488
0.004488
0.004487
0.004486
0.004485
0.004485
0.004484
0.004483
0.004482
0.004482
0.004481
0.004480
0.004479
0.004479
0.004478
0.004477
0.004476
0.004476
0.004475
0.004474
0.004473
0.004473
0.004472
0.004471
0.004471
0.004470
0.004469
0.004468
0.004468
0.004467
0.004466
0.004465
0.004465
0.004464
0.004463
0.004462
0.004462
0.004461
0.004460
0.004460
0.004459
0.004458
0.004457
0.004457
0.004456
0.004455
0.004454
0.004454
0.004453
0.004452
0.004451
0.004451
0.004450
0.004449
0.004449
0.004448
0.004447
0.004446
0.004446
0.004445
0.004444
0.004443
0.004443
0.004442
0.004441
0.004441
0.004440
0.004439
0.004438
0.004438
0.004437
0.004436
0.004435
0.004435
0.004434
0.004433
0.004433
0.004432
0.004431
0.004430
0.004430
0.004429
0.004428
0.004428
0.004427
0.004426
0.004425
0.004425
0.004424
0.004423
0.004422
0.004422
0.004421
0.004420
0.004420
0.004419
0.004418
0.004417
0.004417
0.004416
0.004415
0.004415
0.004414
0.004413
0.004412
0.004412
0.004411
0.004410
0.004410
0.004409
0.004408
0.004407
0.004407
0.004406
0.004405
0.004405
0.004404
0.004403
0.004402
0.004402
0.004401
0.004400
0.004400
0.004399
0.004398
0.004397
0.004397
0.004396
0.004395
0.004395
0.004394
0.004393
0.004392
0.004392
0.004391
0.004390
0.004390
0.004389
0.004388
0.004387
0.004387
0.004386
0.004385
0.004385
0.004384
0.004383
0.004382
0.004382
0.004381
0.004380
0.004380
0.004379
0.004378
0.004377
0.004377
0.004376
0.004375
0.004375
0.004374
0.004373
0.004373
0.004372
0.004371
0.004370
0.004370
0.004369
0.004368
0.004368
0.004367
0.004366
0.004365
0.004365
0.004364
0.004363
0.004363
0.004362
0.004361
0.004361
0.004360
0.004359
0.004358
0.004358
0.004357
0.004356
0.004356
0.004355
0.004354
0.004354
0.004353
0.004352
0.004351
0.004351
0.004350
0.004349
0.004349
0.004348
0.004347
0.004347
0.004346
0.004345
0.004344
0.004344
0.004343
0.004342
0.004342
0.004341
0.004340
0.004340
0.004339
0.004338
0.004338
0.004337
0.004336
0.004335
0.004335
0.004334
0.004333
0.004333
0.004332
0.004331
0.004331
0.004330
0.004329
0.004329
0.004328
0.004327
0.004326
0.004326
0.004325
0.004324
0.004324
0.004323
0.004322
0.004322
0.004321
0.004320
0.004320
0.004319
0.004318
0.004317
0.004317
0.004316
0.004315
0.004315
0.004314
0.004313
0.004313
0.004312
0.004311
0.004311
0.004310
0.004309
0.004309
0.004308
0.004307
0.004306
0.004306
0.004305
0.004304
0.004304
0.004303
0.004302
0.004302
0.004301
0.004300
0.004300
0.004299
0.004298
0.004298
0.004297
0.004296
0.004296
0.004295
0.004294
0.004294
0.004293
0.004292
0.004291
0.004291
0.004290
0.004289
0.004289
0.004288
0.004287
0.004287
0.004286
0.004285
0.004285
0.004284
0.004283
0.004283
0.004282
0.004281
0.004281
0.004280
0.004279
0.004279
0.004278
0.004277
0.004277
0.004276
0.004275
0.004275
0.004274
0.004273
0.004272
0.004272
0.004271
0.004270
0.004270
0.004269
0.004268
0.004268
0.004267
0.004266
0.004266
0.004265
0.004264
0.004264
0.004263
0.004262
0.004262
0.004261
0.004260
0.004260
0.004259
0.004258
0.004258
0.004257
0.004256
0.004256
0.004255
0.004254
0.004254
0.004253
0.004252
0.004252
0.004251
0.004250
0.004250
0.004249
0.004248
0.004248
0.004247
0.004246
0.004246
0.004245
0.004244
0.004244
0.004243
0.004242
0.004242
0.004241
0.004240
0.004240
0.004239
0.004238
0.004238
0.004237
0.004236
0.004236
0.004235
0.004234
0.004234
0.004233
0.004232
0.004232
0.004231
0.004230
0.004230
0.004229
0.004228
0.004228
0.004227
0.004226
0.004226
0.004225
0.004224
0.004224
0.004223
0.004222
0.004222
0.004221
0.004220
0.004220
0.004219
0.004218
0.004218
0.004217
0.004216
0.004216
0.004215
0.004215
0.004214
0.004213
0.004213
0.004212
0.004211
0.004211
0.004210
0.004209
0.004209
0.004208
0.004207
0.004207
0.004206
0.004205
0.004205
0.004204
0.004203
0.004203
0.004202
0.004201
0.004201
0.004200
0.004199
0.004199
0.004198
0.004197
0.004197
0.004196
0.004196
0.004195
0.004194
0.004194
0.004193
0.004192
0.004192
0.004191
0.004190
0.004190
0.004189
0.004188
0.004188
0.004187
0.004186
0.004186
0.004185
0.004184
0.004184
0.004183
0.004183
0.004182
0.004181
0.004181
0.004180
0.004179
0.004179
0.004178
0.004177
0.004177
0.004176
0.004175
0.004175
0.004174
0.004173
0.004173
0.004172
0.004172
0.004171
0.004170
0.004170
0.004169
0.004168
0.004168
0.004167
0.004166
0.004166
0.004165
0.004164
0.004164
0.004163
0.004163
0.004162
0.004161
0.004161
0.004160
0.004159
0.004159
0.004158
0.004157
0.004157
0.004156
0.004155
0.004155
0.004154
0.004154
0.004153
0.004152
0.004152
0.004151
0.004150
0.004150
0.004149
0.004148
0.004148
0.004147
0.004147
0.004146
0.004145
0.004145
0.004144
0.004143
0.004143
0.004142
0.004141
0.004141
0.004140
0.004140
0.004139
0.004138
0.004138
0.004137
0.004136
0.004136
0.004135
0.004134
0.004134
0.004133
0.004133
0.004132
0.004131
0.004131
0.004130
0.004129
0.004129
0.004128
0.004127
0.004127
0.004126
0.004126
0.004125
0.004124
0.004124
0.004123
0.004122
0.004122
0.004121
0.004121
0.004120
0.004119
0.004119
0.004118
0.004117
0.004117
0.004116
0.004116
0.004115
0.004114
0.004114
0.004113
0.004112
0.004112
0.004111
0.004111
0.004110
0.004109
0.004109
0.004108
0.004107
0.004107
0.004106
0.004105
0.004105
0.004104
0.004104
0.004103
0.004102
0.004102
0.004101
0.004100
0.004100
0.004099
0.004099
0.004098
0.004097
0.004097
0.004096
0.004096
0.004095
0.004094
0.004094
0.004093
0.004092
0.004092
0.004091
0.004091
0.004090
0.004089
0.004089
0.004088
0.004087
0.004087
0.004086
0.004086
0.004085
0.004084
0.004084
0.004083
0.004082
0.004082
0.004081
0.004081
0.004080
0.004079
0.004079
0.004078
0.004078
0.004077
0.004076
0.004076
0.004075
0.004074
0.004074
0.004073
0.004073
0.004072
0.004071
0.004071
0.004070
0.004070
0.004069
0.004068
0.004068
0.004067
0.004066
0.004066
0.004065
0.004065
0.004064
0.004063
0.004063
0.004062
0.004062
0.004061
0.004060
0.004060
0.004059
0.004058
0.004058
0.004057
0.004057
0.004056
0.004055
0.004055
0.004054
0.004054
0.004053
0.004052
0.004052
0.004051
0.004051
0.004050
0.004049
0.004049
0.004048
0.004047
0.004047
0.004046
0.004046
0.004045
0.004044
0.004044
0.004043
0.004043
0.004042
0.004041
0.004041
0.004040
0.004040
0.004039
0.004038
0.004038
0.004037
0.004037
0.004036
0.004035
0.004035
0.004034
0.004034
0.004033
0.004032
0.004032
0.004031
0.004031
0.004030
0.004029
0.004029
0.004028
0.004028
0.004027
0.004026
0.004026
0.004025
0.004024
0.004024
0.004023
0.004023
0.004022
0.004021
0.004021
0.004020
0.004020
0.004019
0.004018
0.004018
0.004017
0.004017
0.004016
0.004015
0.004015
0.004014
0.004014
0.004013
0.004012
0.004012
0.004011
0.004011
0.004010
0.004010
0.004009
0.004008
0.004008
0.004007
0.004007
0.004006
0.004005
0.004005
0.004004
0.004004
0.004003
0.004002
0.004002
0.004001
0.004001
0.004000
0.003999
0.003999
0.003998
0.003998
0.003997
0.003996
0.003996
0.003995
0.003995
0.003994
0.003993
0.003993
0.003992
0.003992
0.003991
0.003990
0.003990
0.003989
0.003989
0.003988
0.003987
0.003987
0.003986
0.003986
0.003985
0.003985
0.003984
0.003983
0.003983
0.003982
0.003982
0.003981
0.003980
0.003980
0.003979
0.003979
0.003978
0.003977
0.003977
0.003976
0.003976
0.003975
0.003975
0.003974
0.003973
0.003973
0.003972
0.003972
0.003971
0.003970
0.003970
0.003969
0.003969
0.003968
0.003967
0.003967
0.003966
0.003966
0.003965
0.003965
0.003964
0.003963
0.003963
0.003962
0.003962
0.003961
0.003960
0.003960
0.003959
0.003959
0.003958
0.003958
0.003957
0.003956
0.003956
0.003955
0.003955
0.003954
0.003953
0.003953
0.003952
0.003952
0.003951
0.003951
0.003950
0.003949
0.003949
0.003948
0.003948
0.003947
0.003947
0.003946
0.003945
0.003945
0.003944
0.003944
0.003943
0.003942
0.003942
0.003941
0.003941
0.003940
0.003940
0.003939
0.003938
0.003938
0.003937
0.003937
0.003936
0.003936
0.003935
0.003934
0.003934
0.003933
0.003933
0.003932
0.003931
0.003931
0.003930
0.003930
0.003929
0.003929
0.003928
0.003927
0.003927
0.003926
0.003926
0.003925
0.003925
0.003924
0.003923
0.003923
0.003922
0.003922
0.003921
0.003921
0.003920
0.003919
0.003919
0.003918
0.003918
0.003917
0.003917
0.003916
0.003915
0.003915
0.003914
0.003914
0.003913
0.003913
0.003912
0.003911
0.003911
0.003910
0.003910
0.003909
0.003909
0.003908
0.003907
0.003907
0.003906
0.003906
0.003905
0.003905
0.003904
0.003903
0.003903
0.003902
0.003902
0.003901
0.003901
0.003900
0.003899
0.003899
0.003898
0.003898
0.003897
0.003897
0.003896
0.003896
0.003895
0.003894
0.003894
0.003893
0.003893
0.003892
0.003892
0.003891
0.003890
0.003890
0.003889
0.003889
0.003888
0.003888
0.003887
0.003886
0.003886
0.003885
0.003885
0.003884
0.003884
0.003883
0.003883
0.003882
0.003881
0.003881
0.003880
0.003880
0.003879
0.003879
0.003878
0.003878
0.003877
0.003876
0.003876
0.003875
0.003875
0.003874
0.003874
0.003873
0.003872
0.003872
0.003871
0.003871
0.003870
0.003870
0.003869
0.003869
0.003868
0.003867
0.003867
0.003866
0.003866
0.003865
0.003865
0.003864
0.003864
0.003863
0.003862
0.003862
0.003861
0.003861
0.003860
0.003860
0.003859
0.003859
0.003858
0.003857
0.003857
0.003856
0.003856
0.003855
0.003855
0.003854
0.003854
0.003853
0.003852
0.003852
0.003851
0.003851
0.003850
0.003850
0.003849
0.003849
0.003848
0.003847
0.003847
0.003846
0.003846
0.003845
0.003845
0.003844
0.003844
0.003843
0.003842
0.003842
0.003841
0.003841
0.003840
0.003840
0.003839
0.003839
0.003838
0.003838
0.003837
0.003836
0.003836
0.003835
0.003835
0.003834
0.003834
0.003833
0.003833
0.003832
0.003832
0.003831
0.003830
0.003830
0.003829
0.003829
0.003828
0.003828
0.003827
0.003827
0.003826
0.003825
0.003825
0.003824
0.003824
0.003823
0.003823
0.003822
0.003822
0.003821
0.003821
0.003820
0.003819
0.003819
0.003818
0.003818
0.003817
0.003817
0.003816
0.003816
0.003815
0.003815
0.003814
0.003813
0.003813
0.003812
0.003812
0.003811
0.003811
0.003810
0.003810
0.003809
0.003809
0.003808
0.003808
0.003807
0.003806
0.003806
0.003805
0.003805
0.003804
0.003804
0.003803
0.003803
0.003802
0.003802
0.003801
0.003801
0.003800
0.003799
0.003799
0.003798
0.003798
0.003797
0.003797
0.003796
0.003796
0.003795
0.003795
0.003794
0.003794
0.003793
0.003792
0.003792
0.003791
0.003791
0.003790
0.003790
0.003789
0.003789
0.003788
0.003788
0.003787
0.003787
0.003786
0.003785
0.003785
0.003784
0.003784
0.003783
0.003783
0.003782
0.003782
0.003781
0.003781
0.003780
0.003780
0.003779
0.003779
0.003778
0.003777
0.003777
0.003776
0.003776
0.003775
0.003775
0.003774
0.003774
0.003773
0.003773
0.003772
0.003772
0.003771
0.003771
0.003770
0.003769
0.003769
0.003768
0.003768
0.003767
0.003767
0.003766
0.003766
0.003765
0.003765
0.003764
0.003764
0.003763
0.003763
0.003762
0.003762
0.003761
0.003760
0.003760
0.003759
0.003759
0.003758
0.003758
0.003757
0.003757
0.003756
0.003756
0.003755
0.003755
0.003754
0.003754
0.003753
0.003753
0.003752
0.003751
0.003751
0.003750
0.003750
0.003749
0.003749
0.003748
0.003748
0.003747
0.003747
0.003746
0.003746
0.003745
0.003745
0.003744
0.003744
0.003743
0.003743
0.003742
0.003742
0.003741
0.003740
0.003740
0.003739
0.003739
0.003738
0.003738
0.003737
0.003737
0.003736
0.003736
0.003735
0.003735
0.003734
0.003734
0.003733
0.003733
0.003732
0.003732
0.003731
0.003731
0.003730
0.003730
0.003729
0.003728
0.003728
0.003727
0.003727
0.003726
0.003726
0.003725
0.003725
0.003724
0.003724
0.003723
0.003723
0.003722
0.003722
0.003721
0.003721
0.003720
0.003720
0.003719
0.003719
0.003718
0.003718
0.003717
0.003717
0.003716
0.003716
0.003715
0.003714
0.003714
0.003713
0.003713
0.003712
0.003712
0.003711
0.003711
0.003710
0.003710
0.003709
0.003709
0.003708
0.003708
0.003707
0.003707
0.003706
0.003706
0.003705
0.003705
0.003704
0.003704
0.003703
0.003703
0.003702
0.003702
0.003701
0.003701
0.003700
0.003700
0.003699
0.003699
0.003698
0.003698
0.003697
0.003696
0.003696
0.003695
0.003695
0.003694
0.003694
0.003693
0.003693
0.003692
0.003692
0.003691
0.003691
0.003690
0.003690
0.003689
0.003689
0.003688
0.003688
0.003687
0.003687
0.003686
0.003686
0.003685
0.003685
0.003684
0.003684
0.003683
0.003683
0.003682
0.003682
0.003681
0.003681
0.003680
0.003680
0.003679
0.003679
0.003678
0.003678
0.003677
0.003677
0.003676
0.003676
0.003675
0.003675
0.003674
0.003674
0.003673
0.003673
0.003672
0.003672
0.003671
0.003671
0.003670
0.003670
0.003669
0.003669
0.003668
0.003668
0.003667
0.003667
0.003666
0.003666
0.003665
0.003665
0.003664
0.003664
0.003663
0.003663
0.003662
0.003662
0.003661
0.003661
0.003660
0.003660
0.003659
0.003658
0.003658
0.003657
0.003657
0.003656
0.003656
0.003655
0.003655
0.003654
0.003654
0.003653
0.003653
0.003652
0.003652
0.003651
0.003651
0.003650
0.003650
0.003649
0.003649
0.003648
0.003648
0.003647
0.003647
0.003647
0.003646
0.003646
0.003645
0.003645
0.003644
0.003644
0.003643
0.003643
0.003642
0.003642
0.003641
0.003641
0.003640
0.003640
0.003639
0.003639
0.003638
0.003638
0.003637
0.003637
0.003636
0.003636
0.003635
0.003635
0.003634
0.003634
0.003633
0.003633
0.003632
0.003632
0.003631
0.003631
0.003630
0.003630
0.003629
0.003629
0.003628
0.003628
0.003627
0.003627
0.003626
0.003626
0.003625
0.003625
0.003624
0.003624
0.003623
0.003623
0.003622
0.003622
0.003621
0.003621
0.003620
0.003620
0.003619
0.003619
0.003618
0.003618
0.003617
0.003617
0.003616
0.003616
0.003615
0.003615
0.003614
0.003614
0.003613
0.003613
0.003612
0.003612
0.003611
0.003611
0.003610
0.003610
0.003609
0.003609
0.003609
0.003608
0.003608
0.003607
0.003607
0.003606
0.003606
0.003605
0.003605
0.003604
0.003604
0.003603
0.003603
0.003602
0.003602
0.003601
0.003601
0.003600
0.003600
0.003599
0.003599
0.003598
0.003598
0.003597
0.003597
0.003596
0.003596
0.003595
0.003595
0.003594
0.003594
0.003593
0.003593
0.003592
0.003592
0.003591
0.003591
0.003591
0.003590
0.003590
0.003589
0.003589
0.003588
0.003588
0.003587
0.003587
0.003586
0.003586
0.003585
0.003585
0.003584
0.003584
0.003583
0.003583
0.003582
0.003582
0.003581
0.003581
0.003580
0.003580
0.003579
0.003579
0.003578
0.003578
0.003578
0.003577
0.003577
0.003576
0.003576
0.003575
0.003575
0.003574
0.003574
0.003573
0.003573
0.003572
0.003572
0.003571
0.003571
0.003570
0.003570
0.003569
0.003569
0.003568
0.003568
0.003567
0.003567
0.003566
0.003566
0.003566
0.003565
0.003565
0.003564
0.003564
0.003563
0.003563
0.003562
0.003562
0.003561
0.003561
0.003560
0.003560
0.003559
0.003559
0.003558
0.003558
0.003557
0.003557
0.003556
0.003556
0.003556
0.003555
0.003555
0.003554
0.003554
0.003553
0.003553
0.003552
0.003552
0.003551
0.003551
0.003550
0.003550
0.003549
0.003549
0.003548
0.003548
0.003547
0.003547
0.003547
0.003546
0.003546
0.003545
0.003545
0.003544
0.003544
0.003543
0.003543
0.003542
0.003542
0.003541
0.003541
0.003540
0.003540
0.003539
0.003539
0.003539
0.003538
0.003538
0.003537
0.003537
0.003536
0.003536
0.003535
0.003535
0.003534
0.003534
0.003533
0.003533
0.003532
0.003532
0.003531
0.003531
0.003531
0.003530
0.003530
0.003529
0.003529
0.003528
0.003528
0.003527
0.003527
0.003526
0.003526
0.003525
0.003525
0.003524
0.003524
0.003524
0.003523
0.003523
0.003522
0.003522
0.003521
0.003521
0.003520
0.003520
0.003519
0.003519
0.003518
0.003518
0.003517
0.003517
0.003517
0.003516
0.003516
0.003515
0.003515
0.003514
0.003514
0.003513
0.003513
0.003512
0.003512
0.003511
0.003511
0.003511
0.003510
0.003510
0.003509
0.003509
0.003508
0.003508
0.003507
0.003507
0.003506
0.003506
0.003505
0.003505
0.003504
0.003504
0.003504
0.003503
0.003503
0.003502
0.003502
0.003501
0.003501
0.003500
0.003500
0.003499
0.003499
0.003499
0.003498
0.003498
0.003497
0.003497
0.003496
0.003496
0.003495
0.003495
0.003494
0.003494
0.003493
0.003493
0.003493
0.003492
0.003492
0.003491
0.003491
0.003490
0.003490
0.003489
0.003489
0.003488
0.003488
0.003487
0.003487
0.003487
0.003486
0.003486
0.003485
0.003485
0.003484
0.003484
0.003483
0.003483
0.003482
0.003482
0.003482
0.003481
0.003481
0.003480
0.003480
0.003479
0.003479
0.003478
0.003478
0.003477
0.003477
0.003477
0.003476
0.003476
0.003475
0.003475
0.003474
0.003474
0.003473
0.003473
0.003472
0.003472
0.003472
0.003471
0.003471
0.003470
0.003470
0.003469
0.003469
0.003468
0.003468
0.003467
0.003467
0.003467
0.003466
0.003466
0.003465
0.003465
0.003464
0.003464
0.003463
0.003463
0.003462
0.003462
0.003462
0.003461
0.003461
0.003460
0.003460
0.003459
0.003459
0.003458
0.003458
0.003458
0.003457
0.003457
0.003456
0.003456
0.003455
0.003455
0.003454
0.003454
0.003453
0.003453
0.003453
0.003452
0.003452
0.003451
0.003451
0.003450
0.003450
0.003449
0.003449
0.003449
0.003448
0.003448
0.003447
0.003447
0.003446
0.003446
0.003445
0.003445
0.003445
0.003444
0.003444
0.003443
0.003443
0.003442
0.003442
0.003441
0.003441
0.003441
0.003440
0.003440
0.003439
0.003439
0.003438
0.003438
0.003437
0.003437
0.003437
0.003436
0.003436
0.003435
0.003435
0.003434
0.003434
0.003433
0.003433
0.003433
0.003432
0.003432
0.003431
0.003431
0.003430
0.003430
0.003429
0.003429
0.003429
0.003428
0.003428
0.003427
0.003427
0.003426
0.003426
0.003425
0.003425
0.003425
0.003424
0.003424
0.003423
0.003423
0.003422
0.003422
0.003421
0.003421
0.003421
0.003420
0.003420
0.003419
0.003419
0.003418
0.003418
0.003417
0.003417
0.003417
0.003416
0.003416
0.003415
0.003415
0.003414
0.003414
0.003414
0.003413
0.003413
0.003412
0.003412
0.003411
0.003411
0.003410
0.003410
0.003410
0.003409
0.003409
0.003408
0.003408
0.003407
0.003407
0.003407
0.003406
0.003406
0.003405
0.003405
0.003404
0.003404
0.003403
0.003403
0.003403
0.003402
0.003402
0.003401
0.003401
0.003400
0.003400
0.003400
0.003399
0.003399
0.003398
0.003398
0.003397
0.003397
0.003396
0.003396
0.003396
0.003395
0.003395
0.003394
0.003394
0.003393
0.003393
0.003393
0.003392
0.003392
0.003391
0.003391
0.003390
0.003390
0.003390
0.003389
0.003389
0.003388
0.003388
0.003387
0.003387
0.003387
0.003386
0.003386
0.003385
0.003385
0.003384
0.003384
0.003383
0.003383
0.003383
0.003382
0.003382
0.003381
0.003381
0.003380
0.003380
0.003380
0.003379
0.003379
0.003378
0.003378
0.003377
0.003377
0.003377
0.003376
0.003376
0.003375
0.003375
0.003374
0.003374
0.003374
0.003373
0.003373
0.003372
0.003372
0.003371
0.003371
0.003371
0.003370
0.003370
0.003369
0.003369
0.003368
0.003368
0.003368
0.003367
0.003367
0.003366
0.003366
0.003365
0.003365
0.003365
0.003364
0.003364
0.003363
0.003363
0.003362
0.003362
0.003362
0.003361
0.003361
0.003360
0.003360
0.003359
0.003359
0.003359
0.003358
0.003358
0.003357
0.003357
0.003357
0.003356
0.003356
0.003355
0.003355
0.003354
0.003354
0.003354
0.003353
0.003353
0.003352
0.003352
0.003351
0.003351
0.003351
0.003350
0.003350
0.003349
0.003349
0.003348
0.003348
0.003348
0.003347
0.003347
0.003346
0.003346
0.003345
0.003345
0.003345
0.003344
0.003344
0.003343
0.003343
0.003343
0.003342
0.003342
0.003341
0.003341
0.003340
0.003340
0.003340
0.003339
0.003339
0.003338
0.003338
0.003337
0.003337
0.003337
0.003336
0.003336
0.003335
0.003335
0.003335
0.003334
0.003334
0.003333
0.003333
0.003332
0.003332
0.003332
0.003331
0.003331
0.003330
0.003330
0.003330
0.003329
0.003329
0.003328
0.003328
0.003327
0.003327
0.003327
0.003326
0.003326
0.003325
0.003325
0.003325
0.003324
0.003324
0.003323
0.003323
0.003322
0.003322
0.003322
0.003321
0.003321
0.003320
0.003320
0.003320
0.003319
0.003319
0.003318
0.003318
0.003317
0.003317
0.003317
0.003316
0.003316
0.003315
0.003315
0.003315
0.003314
0.003314
0.003313
0.003313
0.003312
0.003312
0.003312
0.003311
0.003311
0.003310
0.003310
0.003310
0.003309
0.003309
0.003308
0.003308
0.003307
0.003307
0.003307
0.003306
0.003306
0.003305
0.003305
0.003305
0.003304
0.003304
0.003303
0.003303
0.003303
0.003302
0.003302
0.003301
0.003301
0.003300
0.003300
0.003300
0.003299
0.003299
0.003298
0.003298
0.003298
0.003297
0.003297
0.003296
0.003296
0.003296
0.003295
0.003295
0.003294
0.003294
0.003293
0.003293
0.003293
0.003292
0.003292
0.003291
0.003291
0.003291
0.003290
0.003290
0.003289
0.003289
0.003289
0.003288
0.003288
0.003287
0.003287
0.003287
0.003286
0.003286
0.003285
0.003285
0.003284
0.003284
0.003284
0.003283
0.003283
0.003282
0.003282
0.003282
0.003281
0.003281
0.003280
0.003280
0.003280
0.003279
0.003279
0.003278
0.003278
0.003278
0.003277
0.003277
0.003276
0.003276
0.003276
0.003275
0.003275
0.003274
0.003274
0.003274
0.003273
0.003273
0.003272
0.003272
0.003271
0.003271
0.003271
0.003270
0.003270
0.003269
0.003269
0.003269
0.003268
0.003268
0.003267
0.003267
0.003267
0.003266
0.003266
0.003265
0.003265
0.003265
0.003264
0.003264
0.003263
0.003263
0.003263
0.003262
0.003262
0.003261
0.003261
0.003261
0.003260
0.003260
0.003259
0.003259
0.003259
0.003258
0.003258
0.003257
0.003257
0.003257
0.003256
0.003256
0.003255
0.003255
0.003255
0.003254
0.003254
0.003253
0.003253
0.003253
0.003252
0.003252
0.003251
0.003251
0.003251
0.003250
0.003250
0.003249
0.003249
0.003249
0.003248
0.003248
0.003247
0.003247
0.003247
0.003246
0.003246
0.003245
0.003245
0.003245
0.003244
0.003244
0.003243
0.003243
0.003243
0.003242
0.003242
0.003241
0.003241
0.003241
0.003240
0.003240
0.003239
0.003239
0.003239
0.003238
0.003238
0.003237
0.003237
0.003237
0.003236
0.003236
0.003235
0.003235
0.003235
0.003234
0.003234
0.003233
0.003233
0.003233
0.003232
0.003232
0.003232
0.003231
0.003231
0.003230
0.003230
0.003230
0.003229
0.003229
0.003228
0.003228
0.003228
0.003227
0.003227
0.003226
0.003226
0.003226
0.003225
0.003225
0.003224
0.003224
0.003224
0.003223
0.003223
0.003222
0.003222
0.003222
0.003221
0.003221
0.003220
0.003220
0.003220
0.003219
0.003219
0.003219
0.003218
0.003218
0.003217
0.003217
0.003217
0.003216
0.003216
0.003215
0.003215
0.003215
0.003214
0.003214
0.003213
0.003213
0.003213
0.003212
0.003212
0.003211
0.003211
0.003211
0.003210
0.003210
0.003210
0.003209
0.003209
0.003208
0.003208
0.003208
0.003207
0.003207
0.003206
0.003206
0.003206
0.003205
0.003205
0.003204
0.003204
0.003204
0.003203
0.003203
0.003203
0.003202
0.003202
0.003201
0.003201
0.003201
0.003200
0.003200
0.003199
0.003199
0.003199
0.003198
0.003198
0.003197
0.003197
0.003197
0.003196
0.003196
0.003196
0.003195
0.003195
0.003194
0.003194
0.003194
0.003193
0.003193
0.003192
0.003192
0.003192
0.003191
0.003191
0.003191
0.003190
0.003190
0.003189
0.003189
0.003189
0.003188
0.003188
0.003187
0.003187
0.003187
0.003186
0.003186
0.003186
0.003185
0.003185
0.003184
0.003184
0.003184
0.003183
0.003183
0.003182
0.003182
0.003182
0.003181
0.003181
0.003181
0.003180
0.003180
0.003179
0.003179
0.003179
0.003178
0.003178
0.003177
0.003177
0.003177
0.003176
0.003176
0.003176
0.003175
0.003175
0.003174
0.003174
0.003174
0.003173
0.003173
0.003173
0.003172
0.003172
0.003171
0.003171
0.003171
0.003170
0.003170
0.003169
0.003169
0.003169
0.003168
0.003168
0.003168
0.003167
0.003167
0.003166
0.003166
0.003166
0.003165
0.003165
0.003165
0.003164
0.003164
0.003163
0.003163
0.003163
0.003162
0.003162
0.003161
0.003161
0.003161
0.003160
0.003160
0.003160
0.003159
0.003159
0.003158
0.003158
0.003158
0.003157
0.003157
0.003157
0.003156
0.003156
0.003155
0.003155
0.003155
0.003154
0.003154
0.003154
0.003153
0.003153
0.003152
0.003152
0.003152
0.003151
0.003151
0.003151
0.003150
0.003150
0.003149
0.003149
0.003149
0.003148
0.003148
0.003148
0.003147
0.003147
0.003146
0.003146
0.003146
0.003145
0.003145
0.003145
0.003144
0.003144
0.003143
0.003143
0.003143
0.003142
0.003142
0.003142
0.003141
0.003141
0.003140
0.003140
0.003140
0.003139
0.003139
0.003139
0.003138
0.003138
0.003137
0.003137
0.003137
0.003136
0.003136
0.003136
0.003135
0.003135
0.003134
0.003134
0.003134
0.003133
0.003133
0.003133
0.003132
0.003132
0.003131
0.003131
0.003131
0.003130
0.003130
0.003130
0.003129
0.003129
0.003128
0.003128
0.003128
0.003127
0.003127
0.003127
0.003126
0.003126
0.003126
0.003125
0.003125
0.003124
0.003124
0.003124
0.003123
0.003123
0.003123
0.003122
0.003122
0.003121
0.003121
0.003121
0.003120
0.003120
0.003120
0.003119
0.003119
0.003118
0.003118
0.003118
0.003117
0.003117
0.003117
0.003116
0.003116
0.003116
0.003115
0.003115
0.003114
0.003114
0.003114
0.003113
0.003113
0.003113
0.003112
0.003112
0.003111
0.003111
0.003111
0.003110
0.003110
0.003110
0.003109
0.003109
0.003109
0.003108
0.003108
0.003107
0.003107
0.003107
0.003106
0.003106
0.003106
0.003105
0.003105
0.003105
0.003104
0.003104
0.003103
0.003103
0.003103
0.003102
0.003102
0.003102
0.003101
0.003101
0.003101
0.003100
0.003100
0.003099
0.003099
0.003099
0.003098
0.003098
0.003098
0.003097
0.003097
0.003096
0.003096
0.003096
0.003095
0.003095
0.003095
0.003094
0.003094
0.003094
0.003093
0.003093
0.003092
0.003092
0.003092
0.003091
0.003091
0.003091
0.003090
0.003090
0.003090
0.003089
0.003089
0.003089
0.003088
0.003088
0.003087
0.003087
0.003087
0.003086
0.003086
0.003086
0.003085
0.003085
0.003085
0.003084
0.003084
0.003083
0.003083
0.003083
0.003082
0.003082
0.003082
0.003081
0.003081
0.003081
0.003080
0.003080
0.003079
0.003079
0.003079
0.003078
0.003078
0.003078
0.003077
0.003077
0.003077
0.003076
0.003076
0.003076
0.003075
0.003075
0.003074
0.003074
0.003074
0.003073
0.003073
0.003073
0.003072
0.003072
0.003072
0.003071
0.003071
0.003070
0.003070
0.003070
0.003069
0.003069
0.003069
0.003068
0.003068
0.003068
0.003067
0.003067
0.003067
0.003066
0.003066
0.003065
0.003065
0.003065
0.003064
0.003064
0.003064
0.003063
0.003063
0.003063
0.003062
0.003062
0.003062
0.003061
0.003061
0.003061
0.003060
0.003060
0.003059
0.003059
0.003059
0.003058
0.003058
0.003058
0.003057
0.003057
0.003057
0.003056
0.003056
0.003056
0.003055
0.003055
0.003054
0.003054
0.003054
0.003053
0.003053
0.003053
0.003052
0.003052
0.003052
0.003051
0.003051
0.003051
0.003050
0.003050
0.003050
0.003049
0.003049
0.003048
0.003048
0.003048
0.003047
0.003047
0.003047
0.003046
0.003046
0.003046
0.003045
0.003045
0.003045
0.003044
0.003044
0.003044
0.003043
0.003043
0.003042
0.003042
0.003042
0.003041
0.003041
0.003041
0.003040
0.003040
0.003040
0.003039
0.003039
0.003039
0.003038
0.003038
0.003038
0.003037
0.003037
0.003036
0.003036
0.003036
0.003035
0.003035
0.003035
0.003034
0.003034
0.003034
0.003033
0.003033
0.003033
0.003032
0.003032
0.003032
0.003031
0.003031
0.003031
0.003030
0.003030
0.003029
0.003029
0.003029
0.003028
0.003028
0.003028
0.003027
0.003027
0.003027
0.003026
0.003026
0.003026
0.003025
0.003025
0.003025
0.003024
0.003024
0.003024
0.003023
0.003023
0.003023
0.003022
0.003022
0.003021
0.003021
0.003021
0.003020
0.003020
0.003020
0.003019
0.003019
0.003019
0.003018
0.003018
0.003018
0.003017
0.003017
0.003017
0.003016
0.003016
0.003016
0.003015
0.003015
0.003015
0.003014
0.003014
0.003014
0.003013
0.003013
0.003012
0.003012
0.003012
0.003011
0.003011
0.003011
0.003010
0.003010
0.003010
0.003009
0.003009
0.003009
0.003008
0.003008
0.003008
0.003007
0.003007
0.003007
0.003006
0.003006
0.003006
0.003005
0.003005
0.003005
0.003004
0.003004
0.003004
0.003003
0.003003
